1	47.68243910250512
2	47.507646753447915
3	47.49219862160757
4	47.67316913848833
5	47.850427395520335
6	48.30052513674335
7	48.929906299517896
8	50.00275022114515
9	51.330150242072705
10	52.78522685848191
11	53.78106334711031
12	54.64914908760369
13	55.282182548439124
14	56.05858893326534
15	56.54437447890868
16	56.85580693259516
17	56.80691527444203
18	56.55794256462335
19	56.75153159661862
20	56.57158401593417
21	56.60387644092998
22	56.28290754306887
23	56.39098804468042
24	55.89414552254429
25	55.56644776217411
26	55.15735697610439
27	55.06290435518709
28	55.010968820763395
29	54.831355784266016
30	54.60894506557637
31	54.478564715688165
32	54.28041300029047
33	53.9838476905506
34	53.89224481356956
35	53.809802700411005
36	53.729111686238504
37	53.60067166312834
38	53.606275198395146
39	53.416177815037855
40	53.441859027485364
41	53.22782355061253
42	53.12767064550683
43	53.1362322488938
44	53.07261019579726
45	53.098454300294804
46	52.982113510539946
47	52.90706859465671
48	52.9178015040167
49	52.55906531471765
50	52.56615470634994
51	52.43053253895562
52	52.260633570413795
53	52.241202094285484
54	52.15863683153516
55	52.04736267251694
56	52.009796815557806
57	51.89877078214369
58	51.56270222984695
59	51.43658657599378
60	51.35472954219806
61	51.4521130612402
62	51.47660284559271
63	51.30947940154562
64	51.224198419095416
65	51.12421085761403
66	51.127742528192655
67	51.02068808818255
68	50.985636984547455
69	50.89518927345814
70	50.97183845198088
71	50.7506187878636
72	50.83182925157374
73	50.85070869021341
74	50.68282442215895
75	50.72179070371532
76	50.84827002236637
77	50.734337517581096
78	50.63404950664121
79	50.714828920218125
80	50.57505011278405
81	50.447439647651066
82	50.394544331365836
83	50.388258193763164
84	50.383040652130965
85	50.40446383633301
86	50.45849803399244
87	50.456958660708146
88	50.432387925614265
89	50.404093778463704
90	50.405817387317285
91	50.396585186878255
92	50.37297590099766
93	50.29863176858096
94	50.13985659493584
95	50.16908207278519
96	50.05287618082378
97	50.0801882164063
98	49.9873683891371
99	49.99335008728241
100	50.05219947422093
101	51.99830664626732
102	52.9560774745378
103	53.29406251917184
104	53.47939214859112
105	53.62735035479709
106	53.63295992266537
107	53.93127519961724
108	53.8273764644448
109	54.00798285211493
110	54.15688955266358
111	54.27033237341032
112	54.25581231606319
113	53.94784815627925
114	53.80323586462951
115	53.89760654558298
116	53.77618173815356
117	53.79477385505682
118	53.6321583161357
119	53.628678532298856
120	53.56607684991252
121	53.28822755054931
122	53.653397481032776
123	53.81964643286423
124	53.92500972039048
125	53.92581229942743
126	53.50980812340189
127	53.571807000600806
128	53.82942173111027
129	53.72413800705043
130	53.71179216228205
131	53.59147361097542
132	53.84103444652527
133	53.79757689587769
134	54.07969087067165
135	54.19365164302394
136	54.275895697928505
137	54.22738809284326
138	53.94130179934453
139	53.95223491661924
140	53.841578621763155
141	53.87394286607673
142	53.76373352916712
143	53.56271813410865
144	53.697242700516526
145	53.47712087748823
146	53.596064044017204
147	53.54810048810883
148	53.76760370136701
149	53.9023566155509
150	54.03441050662953
151	54.060607978796455
152	54.31017030763801
153	54.304641738719674
154	54.108156013183645
155	53.941994614933805
156	54.12851953183525
157	54.25759654429662
158	54.54886353499791
159	54.62926151796974
160	54.38107776107621
161	54.07555164701996
162	54.17698429494693
163	54.54695509164516
164	54.556062014485505
165	54.24716450191774
166	54.130256053101874
167	54.336938039300556
168	53.60341756483468
169	53.97756849716799
170	54.01048793832941
171	53.98889106572814
172	54.252363104114664
173	54.089175322688014
174	54.249752406147735
175	54.291805583138675
176	54.316386486416405
177	54.16771744331024
178	54.16324096632587
179	54.44755735963846
180	54.410989653314765
181	54.36222689944957
182	53.82421206212505
183	54.08240125454746
184	53.639096094207346
185	53.86154025345213
186	53.869990384927824
187	53.55859458649051
188	53.69643487615302
189	53.98092657709745
190	53.74555467207597
191	53.35019709080931
192	53.76183586569426
193	53.63650230315474
194	53.60101235738477
195	53.606704626350876
196	53.91463684673667
197	53.76272735462579
198	53.45386067542741
199	53.767281905080424
200	53.86397208362408
201	53.79692378848417
202	53.77579401895532
203	53.762035533884045
204	53.67592676871695
205	53.66101383766577
206	53.56633815159253
207	53.2953462769712
208	53.90336928834973
209	54.129602558128916
210	54.11935253909406
211	54.16539271446011
212	54.07505676437509
213	54.29066719019163
214	54.08768284831201
215	54.05436357017549
216	54.02996737590456
217	54.09553642627688
218	53.99753895540784
219	53.93866758538291
220	54.07264220072285
221	53.82229745307461
222	53.91869180112945
223	53.86167699099622
224	53.84774047621271
225	53.973401203075085
226	54.23573171133893
227	54.13999790173656
228	53.97004846147163
229	53.66344127152112
230	53.92967083485147
231	53.67164976659649
232	54.00732045648479
233	54.03026251335498
234	54.15998347433537
235	54.20946841365617
236	53.993407364799246
237	53.90665268774611
238	54.34636116101139
239	54.298436038604734
240	54.472344194826825
241	54.026772337150774
242	54.28135271043534
243	54.30648486712845
244	54.30007895834828
245	54.344702413402786
246	54.28001356321807
247	54.17715388849456
248	54.56488019619784
249	54.57246878671391
250	54.48900708331764
251	54.58157988573152
252	54.35841060347016
253	53.874148370348095
254	53.932911036963276
255	54.048152210780714
256	53.93849888776764
257	54.08573481055292
258	53.94756813872728
259	53.90565926769283
260	53.86694569344534
261	54.090131781499345
262	53.910386327753066
263	53.83251175125419
264	53.954036577587416
265	53.78603833309764
266	53.776816800368664
267	53.86789430466612
268	53.81336435609132
269	54.258460837284574
270	54.14039670590707
271	54.44076375478726
272	54.672963854056746
273	54.69976500640445
274	54.8957788387097
275	54.571808680758735
276	54.34082413545127
277	54.71600456299548
278	54.60508347727675
279	54.227326139014735
280	54.145715961887745
281	54.243225774079534
282	54.421317468979765
283	54.4691660474399
284	54.4179493773769
285	54.610616882129136
286	54.43401629978869
287	54.44244173836006
288	54.29964014933597
289	54.61790659786716
290	54.38002963023992
291	54.14394434922039
292	54.319972940022446
293	54.56048968671741
294	54.45245600113477
295	54.472229713433016
296	54.440633688840556
297	54.57536743032001
298	54.34428655712476
299	54.23328564815905
300	54.29364773934772
301	54.20337954437719
302	54.194119411102875
303	54.3524422081197
304	54.243755437400395
305	54.438129066969026
306	54.32600994478054
307	54.445973086384356
308	54.731493596471694
309	54.438223165425875
310	54.31764818869067
311	54.151372791174836
312	54.37861345996109
313	54.199929455243606
314	54.17990854751986
315	54.28639499243939
316	54.288728565089016
317	54.5693108974071
318	54.18887974914167
319	54.42680997723152
320	53.931744756500215
321	53.67192209044408
322	53.86233712903235
323	53.7887338020652
324	53.6182197061503
325	54.01653492603281
326	53.86455620820992
327	53.94317844954345
328	54.22633456585379
329	54.2457871028956
330	54.28342375778138
331	54.08113345929639
332	54.16380061152122
333	54.22639372294421
334	54.32996017948498
335	54.33558056561687
336	54.03188692017294
337	53.99585053284292
338	53.86162237135174
339	54.04364394472292
340	54.044045466843315
341	54.19251976700971
342	54.26067556952756
343	54.42203908837609
344	54.32662184379399
345	54.267569220945944
346	54.62516002906515
347	54.56860309685726
348	54.37424856245749
349	54.466742245754965
350	54.59715144523078
351	54.79732019874036
352	54.53181491900541
353	54.5237127982006
354	54.46327097408208
355	54.623393768845965
356	54.28705547693113
357	54.580068943692595
358	54.33695586235083
359	53.838965585327536
360	54.23179626011727
361	54.293853302618814
362	53.75683938982089
363	53.8414343142039
364	53.94618420400131
365	53.90551549578638
366	53.8328081824476
367	53.7067640085899
368	53.73510346857045
369	53.67743236681583
370	53.98178009313845
371	53.765287548831
372	54.01033883264318
373	54.53857898626261
374	54.630813272252034
375	54.725140339224936
376	54.55651705900613
377	54.44706332112784
378	54.372622346351704
379	54.360023925397265
380	54.13801742293229
381	53.64217037836022
382	53.88703938658115
383	53.87326872824666
384	53.84519763141445
385	53.763871918081264
386	54.17948954253874
387	54.18655565067358
388	54.187611685115044
389	54.11900893163998
390	54.083937033048386
391	54.099949052115655
392	53.83566292350268
393	53.70519118046011
394	53.931095537831396
395	53.85744556665095
396	53.77912713963131
397	54.038492884350156
398	54.10762185465083
399	54.3210239928791
400	54.35680289877139
401	54.317916138898994
402	54.14659819524003
403	53.92424834769646
404	54.138857385114434
405	54.08846934203297
406	54.47590611755059
407	54.48948716218113
408	54.15184589217988
409	53.88810603148503
410	54.17481907205317
411	54.153426515792766
412	54.01788144968263
413	54.264089253927395
414	54.29472302364744
415	54.0833541678039
416	53.897362019467145
417	54.328710625300836
418	53.949059820541095
419	53.94670956894723
420	53.811624210894834
421	53.95570167845818
422	54.046283533636185
423	54.24857785181007
424	53.75200925281479
425	54.03010572783867
426	54.15164942838443
427	54.31814610178465
428	54.61080204462691
429	54.45503928179971
430	54.36746950669885
431	54.4840515141304
432	54.446305782317935
433	54.488028916202964
434	54.246631078060645
435	54.33720653704042
436	54.57414634665294
437	54.50607979357669
438	54.77119446122974
439	55.063912003186665
440	54.87589411927509
441	54.984122062518594
442	54.761464734564775
443	54.545356979384195
444	54.61370861313539
445	54.45908361176897
446	54.258317761103385
447	54.616214180386095
448	54.70142899623642
449	54.70615583872317
450	54.82889190792794
451	54.83500215973264
452	54.47829706452117
453	54.27299613799882
454	54.41907116385151
455	54.65440497418395
456	54.4619373589833
457	54.466422496033246
458	54.495990139540936
459	54.18741855739281
460	54.35637635374411
461	54.30951052667716
462	54.21204921203672
463	54.42932119128359
464	54.874016496754294
465	54.723112757243214
466	54.66022079754043
467	54.4412755533302
468	54.19613380976518
469	53.93469533717714
470	54.132780242870176
471	54.10380649167962
472	54.14841232706373
473	53.9005425745583
474	53.9665938125784
475	54.18657120627888
476	54.17114286666834
477	54.10332098816072
478	54.349652572541615
479	54.394820054178
480	54.13259135041531
481	54.12153859432445
482	54.32919485194054
483	54.323520605439896
484	54.63370407915363
485	54.19819910177213
486	54.463953078052555
487	54.34977457521144
488	54.30837189213352
489	54.10080931381451
490	54.26663490850562
491	54.39817169978484
492	54.37153745120006
493	54.13744267121031
494	54.59902310410825
495	54.1898699470441
496	54.390799110006476
497	54.443742800986136
498	54.18936666501015
499	54.120577750495606
500	53.961250256173095
501	54.08625655970239
502	53.989344755199255
503	53.998153485517506
504	53.813473102593235
505	53.650290138068264
506	53.33186611463325
507	53.31784219947066
508	53.746632301346324
509	54.0709786197364
510	53.85459304697442
511	53.82681019985627
512	54.18905035633258
513	54.293117612216946
514	54.14210871731989
515	54.28035375699696
516	54.4477513606087
517	54.700740274794164
518	54.48524863525736
519	54.666407586090756
520	54.89797140526558
521	54.69310077804834
522	54.64634309400998
523	54.609196921394975
524	54.66544144126141
525	54.54445692284199
526	54.44105414641972
527	54.442487658810705
528	54.6073988896132
529	54.733212471414596
530	54.21022915329229
531	53.96514593827866
532	53.48808085816607
533	53.71258088690777
534	53.80859812078772
535	53.88147679565122
536	54.345663093579574
537	54.240400485108
538	54.40849099358215
539	54.38813664480627
540	54.143314777893615
541	54.32855475968415
542	54.52748794143641
543	54.101477166063674
544	54.15957077180444
545	54.03663405188867
546	54.090412721698556
547	54.23140432857938
548	53.99199471984919
549	53.9302339433415
550	53.58305512820042
551	53.637975120120316
552	53.5786154967467
553	53.6683340862234
554	53.67682736930148
555	53.76018640459776
556	53.82202690777711
557	54.12904995106011
558	53.588285807956865
559	53.3259783736498
560	53.60770485796689
561	53.969966565224055
562	54.19876649079676
563	54.231711531075334
564	54.20358930817292
565	54.199510378699046
566	54.11843646348665
567	54.41903400932518
568	54.434935935841644
569	54.12720366680102
570	54.45314008687581
571	54.185492855406416
572	54.31246686866054
573	54.326841236268635
574	53.96792946538672
575	53.941144760149164
576	53.947192813299225
577	53.74869131355926
578	54.269661022112096
579	54.238523200701145
580	54.279832859283566
581	54.15428810224463
582	54.30257967113681
583	54.028304286034185
584	53.46219122723839
585	53.56557321656296
586	53.37892647557479
587	53.275782195354
588	53.17713917626708
589	53.573483678595196
590	53.64460876032478
591	53.52953755735909
592	53.72603373423502
593	53.37489498239098
594	53.64405446654507
595	53.57757501977201
596	53.667988177350736
597	53.554792199607526
598	53.77112187813256
599	54.01114394943544
600	54.050254739349995
601	54.23383158971008
602	54.435360158087285
603	54.496172812183836
604	54.50861596312862
605	54.641594742100736
606	54.164410689928
607	53.94967885964449
608	54.137591660293296
609	54.36479986058807
610	54.035028047743566
611	54.07849547669208
612	54.24616956472956
613	54.18932417414722
614	53.805388477763486
615	54.005772031401236
616	54.13595771999575
617	54.30138578305882
618	54.321188655901636
619	54.2235475548714
620	54.465322607594224
621	54.16911078465211
622	54.22760101499012
623	54.009942359659206
624	54.287419725362426
625	54.10835840538161
626	53.88008414318701
627	54.098775546759306
628	53.993389007555095
629	54.13091129357764
630	54.08442393527891
631	54.26560262892656
632	54.34953707315489
633	54.20198006801277
634	54.12406613102463
635	54.09753841538876
636	53.762138778892464
637	53.901467756058224
638	53.96120266891754
639	53.95407512904014
640	53.7490810282572
641	53.768429734714715
642	54.15999421291371
643	53.93716196524551
644	54.046146163083606
645	53.97683627408857
646	53.88987671342889
647	54.108872474033745
648	53.855230903698974
649	53.49993445499176
650	53.70869698486118
651	53.94359717544444
652	53.71528627593328
653	53.9020136831045
654	53.73829664235625
655	53.608263401130955
656	53.83112215733991
657	53.72144808851139
658	53.64191838825118
659	53.63871324444357
660	53.19706746085883
661	53.126187908194346
662	53.259855343520954
663	53.60318616124989
664	53.27541473200709
665	53.56659127799614
666	53.52418590858399
667	53.68112338102756
668	53.67679835095253
669	53.47396656022663
670	53.710747141382285
671	53.58978095565689
672	53.63394157300898
673	53.793385331230056
674	53.561455398845055
675	53.80279502867549
676	53.58664156580045
677	53.95698946071683
678	53.699514466468976
679	53.76052610148938
680	53.735933560342644
681	53.736707158347215
682	54.04209149205425
683	54.180363187493114
684	54.26650036244909
685	54.61651818238689
686	54.026001362532774
687	54.41436756972613
688	54.51662138810004
689	54.190870942486924
690	53.91718838054285
691	54.02757635186336
692	53.81940186934327
693	53.85120152452265
694	53.805680397129876
695	53.82875447506835
696	53.842224108138325
697	54.076654792898886
698	53.6018873558523
699	53.582981397699534
700	53.741352970105545
701	53.97549269215179
702	53.484119839798254
703	53.51776073497647
704	53.628609848027
705	53.84129659457785
706	53.598014585445796
707	53.96194578034131
708	53.94517330905281
709	53.92265140881355
710	53.768776123952364
711	53.900752033088686
712	53.81796261190783
713	53.69547041040457
714	54.05516137865257
715	53.84158164188343
716	53.75232074252999
717	53.58219659094509
718	53.72850239509094
719	53.57246722176937
720	53.7571573935876
721	54.11834719284044
722	53.810099861827226
723	53.807179910701976
724	54.15567110666935
725	54.349363801768405
726	54.1979135158772
727	53.78657684011144
728	53.77895837835269
729	53.79206684108758
730	53.63426479993295
731	53.689599988548665
732	53.33578642536551
733	53.087943627319646
734	53.18969600288955
735	53.567748196477076
736	54.04509953316292
737	54.08138771989026
738	54.360561812533746
739	54.54733118393545
740	54.31316142800969
741	53.85903200015666
742	53.849086007085106
743	53.80157343558417
744	53.97521959825501
745	53.87663027174307
746	53.63778090957706
747	54.21379368739071
748	54.142970308854885
749	53.871179868857546
750	53.92054780333335
751	53.95052681841618
752	54.10967661602169
753	54.33524050601519
754	54.25824323178999
755	54.56947117186591
756	54.82751621648161
757	54.81537790672304
758	54.50536011765186
759	54.34859374704244
760	54.293599992894755
761	54.06984993295903
762	53.68408994625761
763	53.89828101653488
764	54.17056405499224
765	54.04258571358788
766	54.010585118726894
767	54.002633300105394
768	53.787799132216676
769	53.77325617408012
770	53.615242114064685
771	53.57741456526184
772	53.25838996505698
773	53.411119167364454
774	53.501532716311424
775	53.46006264550178
776	53.603931082543696
777	53.642483410645156
778	53.54745204808208
779	53.39722065017938
780	53.4626606276685
781	53.18949625439336
782	53.294593372517205
783	53.45611428913621
784	53.569945605407845
785	53.78810110994087
786	53.67835946966992
787	53.88088788209999
788	53.872929107088964
789	54.0424732921209
790	53.87553653122656
791	53.74536119497669
792	54.02180297884101
793	53.97876152394366
794	53.69730476681542
795	53.56295590457087
796	53.69178536466799
797	53.6294134706239
798	53.94944947310449
799	53.8844447673403
800	53.730135946460905
801	53.859250628268185
802	53.683271235029785
803	53.69991406600471
804	53.855448464964695
805	53.8447617773517
806	53.855256698946555
807	54.063396961263436
808	54.04675270231565
809	53.95438817577505
810	54.24159284786761
811	54.34547701264861
812	54.11277821327447
813	54.23183236353054
814	54.29077093055011
815	53.9237058506453
816	53.886888501580366
817	53.93918688530918
818	53.816884692716556
819	54.07014062733297
820	53.42559967497966
821	53.51205489577247
822	53.67125987477494
823	53.91033215270696
824	53.70880145085425
825	53.66533603214954
826	53.829526312588676
827	53.62329894498238
828	53.94965956854531
829	53.85609102056677
830	53.83070601710457
831	54.085422903589084
832	53.75649908289294
833	54.10633137906625
834	53.99588226432606
835	53.96468808049369
836	53.96006495290607
837	53.76334689638277
838	53.562872330554626
839	53.646522648323966
840	54.07753003846587
841	54.37752879410543
842	54.51986703047862
843	54.66678228852081
844	54.92476424452916
845	55.08500794630173
846	54.83545492610319
847	54.89134344176192
848	54.81205088612393
849	54.89008491480171
850	54.41094894951783
851	54.559415004114456
852	54.40930950280712
853	54.62361909820534
854	54.77961365374277
855	54.54676412562614
856	54.36813151802407
857	54.68368810203068
858	54.2859327516646
859	54.30235740730299
860	53.75152928258729
861	53.779730194164124
862	53.96652734672438
863	53.72524474036935
864	53.737291893329335
865	53.94722382174911
866	54.04517498971734
867	53.89863421528514
868	54.22366050069569
869	54.17930166511865
870	54.135954362330374
871	54.02175342328231
872	53.86269328965264
873	53.91417060599905
874	54.3058560687479
875	54.26723947822262
876	54.29839578532584
877	54.191246749720506
878	54.14506146256828
879	54.054366816313156
880	53.56169818641448
881	53.63831109624268
882	53.49069823424267
883	53.63812356032057
884	54.020043009567864
885	53.796003846443874
886	53.7267546221707
887	53.69551272503942
888	53.62725577212955
889	53.65762983442019
890	53.72407511495271
891	53.99394421455837
892	54.24160893221369
893	54.29033127350745
894	54.23837077003827
895	54.205698538197915
896	54.27139614179322
897	54.54135885863444
898	54.573182860449606
899	54.56234806189434
900	54.622475408191235
901	54.46732614125012
902	54.79897151322095
903	54.82476864575701
904	54.77920718300236
905	54.547976223579894
906	54.71306726683928
907	54.58787278482349
908	54.54975769150397
909	54.488543951094215
910	54.69102883968952
911	54.927811014902126
912	54.94973254981019
913	55.04480469923814
914	54.89950635851072
915	54.92898270217603
916	54.94871180513208
917	54.6169383995284
918	54.5488209341833
919	54.489722579339016
920	54.588739951570425
921	54.783991533237995
922	54.46081577282192
923	54.217612041753604
924	54.44143504134353
925	54.14677937437618
926	54.14736268505058
927	54.01303118091508
928	54.09953123865325
929	54.130945439761135
930	54.01354173185682
931	54.09260675865256
932	54.38073455667521
933	54.012678576617674
934	53.772429054926285
935	53.59210769895793
936	53.453061550534564
937	53.6220097894055
938	53.53162610833567
939	53.86202521619816
940	54.29334253085105
941	54.46920986555184
942	54.22819235123949
943	54.30606663936214
944	54.50808751417132
945	54.9179553308648
946	55.068928998312245
947	54.706150051504636
948	54.40060867385458
949	54.33199887059051
950	54.16365063294852
951	53.972821259097834
952	54.22611464715545
953	54.725852255229924
954	54.86809760977246
955	54.658173201020105
956	54.68009105712349
957	54.7352184144652
958	54.69653208660358
959	54.5521354070559
960	54.460863598961595
961	54.33550979855694
962	54.479168179236396
963	54.5277095076382
964	54.532789001677386
965	54.36602690071436
966	54.2084473193228
967	53.8793668314775
968	53.625811612389775
969	53.48928595171907
970	53.62912418222484
971	53.59444055726135
972	53.6110765154957
973	54.01785429170765
974	54.09251748193191
975	54.09465228864854
976	53.913671061328714
977	53.81477659461623
978	54.00288578777274
979	53.82042726530188
980	54.02625844843975
981	54.319734715010085
982	54.51783921230846
983	54.5199355458083
984	54.4005675448321
985	54.461039937148314
986	54.19742607717674
987	54.55022363990962
988	54.20517249654352
989	54.28670478977697
990	54.42511642507229
991	54.66718358256179
992	54.52847685443867
993	54.150033384851255
994	54.40454099926412
995	54.20254410295959
996	54.06571789340539
997	53.67267315637485
998	53.75570275067166
999	53.85570439545502
1000	54.131699516559415
1001	54.23438622470589
1002	54.07978153680196
1003	53.885541807509235
1004	53.87784761730445
1005	54.07799696467502
1006	53.74935767221344
1007	54.08620942477665
1008	54.12334778782379
1009	54.171082596082215
1010	54.33966625428389
1011	54.61005735179833
1012	54.76517676292662
1013	54.85521189329881
1014	54.59205469331949
1015	53.99825214686707
1016	53.99491219481653
1017	54.10858412252821
1018	54.01312774704892
1019	53.96219087010212
1020	54.18563767290357
1021	53.40857234327508
1022	53.27854854807198
1023	53.31667497163795
1024	53.61288563940153
1025	53.801960865868125
1026	53.667124421025335
1027	53.41774048121184
1028	53.36646253525841
1029	53.459440559857974
1030	53.245871321381635
1031	53.50351197148302
1032	53.63337772038512
1033	53.75612269227885
1034	53.71990794321485
1035	53.79611467567169
1036	53.63866949494779
1037	53.89216347626176
1038	53.8678049225239
1039	53.82014863321271
1040	53.919352704947336
1041	53.98809307774627
1042	53.96036454269807
1043	54.099432230744284
1044	53.93860371732174
1045	53.89239538845412
1046	53.92598013784227
1047	53.63033829334818
1048	53.745982883174705
1049	53.8008187849512
1050	53.9656648040717
1051	54.18001091156224
1052	54.0843858138519
1053	54.084424939616405
1054	53.998042701142396
1055	54.0989437059975
1056	54.12107531605972
1057	53.72922674999411
1058	54.015887706725884
1059	54.388214530183774
1060	54.26320327662262
1061	54.178669189593414
1062	54.13430720316836
1063	54.161251787997344
1064	53.988237940019594
1065	53.89192065026129
1066	53.975622697961626
1067	54.077209264013746
1068	54.01064962379014
1069	54.34010158764684
1070	54.22040877768537
1071	54.267665591026784
1072	54.001129285842644
1073	54.15023414323219
1074	53.725740713671954
1075	54.01652985600245
1076	54.1954577426639
1077	54.0798274684138
1078	53.90281652358102
1079	53.54982836972734
1080	53.780732367294604
1081	53.72698099255143
1082	53.87558107129594
1083	53.821977305015906
1084	54.154453781489515
1085	54.03512681964606
1086	53.88430811830471
1087	53.57175329982979
1088	53.58811098437567
1089	53.55336543087307
1090	53.753539751157255
1091	53.720947725463645
1092	53.98628873759185
1093	53.75343555403955
1094	53.70282304966524
1095	53.67604946323377
1096	53.72883194439258
1097	53.87791707957039
1098	53.61621960531731
1099	53.359222152349375
1100	53.43678918776699
1101	53.442556400038505
1102	53.46823537901861
1103	53.10855594705568
1104	53.341846241194794
1105	53.52496985955058
1106	53.45049813733973
1107	53.306622944807955
1108	53.579652306439115
1109	53.64792453605542
1110	53.48314735176417
1111	53.84888645172457
1112	53.72050844421673
1113	53.837071468703016
1114	54.03341009738242
1115	54.01639268077636
1116	54.23523267498122
1117	54.081451097027696
1118	54.12123933271868
1119	54.595950580071985
1120	54.379903237662184
1121	54.36071896352659
1122	54.563263425628826
1123	54.40806293110847
1124	54.21958059712961
1125	54.2602649816422
1126	54.326914324900045
1127	54.006956805535644
1128	53.93378514104174
1129	53.899733298896976
1130	54.01354535441355
1131	53.801134384799816
1132	53.94160465843883
1133	53.83221298815663
1134	54.14239073771898
1135	54.14611897277814
1136	54.02297664920435
1137	53.97461032090216
1138	53.77017805727267
1139	53.70032807951436
1140	53.96591141727285
1141	53.98967020063108
1142	53.91285158718951
1143	53.92794084410491
1144	54.17240798002319
1145	54.29745482848985
1146	54.33807195291714
1147	54.36121317965003
1148	54.44898544392649
1149	54.199395616447575
1150	54.22354230728195
1151	54.10847352270359
1152	54.065562094279194
1153	54.11756608575908
1154	54.077940401464346
1155	54.067308830366954
1156	54.156345372479535
1157	53.977722812731685
1158	53.57462697172497
1159	53.82220083508612
1160	53.97350025546295
1161	54.165499443952356
1162	53.9810712787797
1163	53.78557923574771
1164	53.93633622449563
1165	53.739295039834715
1166	53.558230898274495
1167	53.992934211719756
1168	54.04521771542035
1169	53.94959509566946
1170	53.917456929825576
1171	54.06620557138156
1172	54.12440123831721
1173	54.24556446284786
1174	54.397373579158966
1175	54.36590879687502
1176	54.29696184814216
1177	53.98733557898125
1178	54.21343477665442
1179	53.95717723306703
1180	53.74948489134428
1181	53.55683608700785
1182	53.43091742754404
1183	53.57213279455011
1184	53.73608834587038
1185	53.886403113924366
1186	53.878828909758234
1187	54.10015643088451
1188	54.13459996582553
1189	53.87307580920209
1190	53.78779107825122
1191	53.77103680124826
1192	53.89813707886614
1193	54.40300124494989
1194	53.831478602403905
1195	53.86817012071112
1196	53.931026838207785
1197	53.800918499042325
1198	53.89375617430679
1199	54.09578028983866
1200	54.06121166470619
1201	54.14192380735958
1202	54.06288766714762
1203	54.05005611145561
1204	54.649410615260706
1205	54.771703064244306
1206	54.83199139216928
1207	54.68046645964379
1208	54.75108500691209
1209	54.488152448593404
1210	54.509339431842136
1211	54.15217959819092
1212	54.12926291672477
1213	53.968912164808394
1214	54.233771702856615
1215	53.824056075795355
1216	54.25743318813643
1217	53.907154397461625
1218	53.942740492416746
1219	54.119304638922394
1220	54.00848668558565
1221	53.97594107600668
1222	54.34332258390256
1223	54.190278474894086
1224	54.27147926860482
1225	54.47882111080918
1226	54.19132182607545
1227	54.01401300723764
1228	53.863698366195976
1229	54.004745604636256
1230	53.81741801006537
1231	53.68294185234282
1232	53.97523691090253
1233	53.91217528742374
1234	53.98499860378455
1235	53.95440453223665
1236	54.03610450485354
1237	53.788045137777516
1238	53.87777135650424
1239	54.03849398674402
1240	53.78856660793042
1241	53.921380531621935
1242	53.95026528995005
1243	53.95436221918779
1244	54.13078143375895
1245	54.01030621708952
1246	54.018559825666614
1247	54.33668577114935
1248	54.206354676992234
1249	53.91707757185091
1250	54.076849522372186
1251	53.854235151597734
1252	53.978795219069724
1253	53.542094793999446
1254	53.737365883013304
1255	53.79713172696392
1256	53.747934218597564
1257	53.80784759680674
1258	53.46755161024268
1259	53.66122238755239
1260	53.82496770865251
1261	53.809397236138196
1262	53.53028126168364
1263	54.08490659738484
1264	54.013471630423055
1265	54.053459139766275
1266	54.659780743724326
1267	54.53095588608541
1268	54.55244771172899
1269	54.89816031164513
1270	54.40303079951177
1271	54.04055606706174
1272	53.84615374654362
1273	53.76746046400258
1274	54.164737202351105
1275	53.84418521857022
1276	53.9017040872404
1277	53.88874979262445
1278	53.68221497526531
1279	53.452855106253
1280	53.23465894940536
1281	53.45864738461909
1282	53.45518363334744
1283	53.29079103467401
1284	53.39774455470612
1285	53.72292548321143
1286	53.7776964979209
1287	53.542328633225125
1288	53.542832170257064
1289	53.79806559124739
1290	53.789351924819925
1291	53.50091228863033
1292	53.55739081783555
1293	53.687072721108905
1294	53.85893053004476
1295	53.89331188586138
1296	53.853166561439416
1297	54.1756749397351
1298	53.96742441397349
1299	53.82640197202498
1300	53.82748086007457
1301	53.89607276887379
1302	53.617151996257455
1303	53.60522336265965
1304	53.8620312396042
1305	53.74535223199473
1306	53.73085121184539
1307	53.81274998213868
1308	53.676995043445004
1309	53.73356978931252
1310	53.78536033366081
1311	53.78927859462011
1312	53.82122022272333
1313	53.577393671052334
1314	53.92791423354061
1315	54.14182307510249
1316	54.01181373576971
1317	54.21004508195401
1318	54.560345491501124
1319	54.51118008650435
1320	54.36748072773206
1321	54.089628057088355
1322	53.95286072859573
1323	54.006710977496304
1324	53.87478090215608
1325	53.79044165978863
1326	53.90113904515505
1327	54.02878160545666
1328	53.90376044741376
1329	54.013953066357494
1330	54.17411345437324
1331	54.15198710680144
1332	54.207582878301025
1333	53.85521464739388
1334	53.78334500366122
1335	53.7275617847523
1336	53.79089167091874
1337	53.736035163180034
1338	53.47203753314681
1339	53.375151328840516
1340	53.833803164204625
1341	53.84113553547706
1342	54.04916190762641
1343	53.99761010254714
1344	53.95853852548106
1345	54.258238286831386
1346	53.963920397876905
1347	53.643626818274726
1348	53.684613932041785
1349	53.762661970753314
1350	53.80986403451499
1351	53.69504165160349
1352	53.780621360113145
1353	53.8708510874726
1354	54.0982627118673
1355	54.05224371846905
1356	54.02334637585633
1357	54.21129167042072
1358	54.1780368959775
1359	54.357924908926634
1360	54.520963770151944
1361	54.16011865096771
1362	54.32174549324537
1363	53.94218272820298
1364	53.59118316193175
1365	54.10878695830117
1366	54.31810270374859
1367	54.170344159295325
1368	54.16165559944982
1369	54.02454371861853
1370	53.923382337143096
1371	54.07718566164243
1372	54.03805487856367
1373	54.2176734522086
1374	54.074449180865784
1375	54.08375564606934
1376	54.331595635974935
1377	54.165605521229416
1378	53.930201983877254
1379	54.372061140437424
1380	54.32091335675706
1381	54.267656668010275
1382	53.88664654872018
1383	53.969760727183
1384	53.87475721056272
1385	53.85897661116579
1386	54.355274065167514
1387	54.354884393576214
1388	53.90215799615986
1389	54.14670810293521
1390	54.12270171112698
1391	54.093763705004314
1392	53.9811250976764
1393	53.87122486839621
1394	54.10605052810092
1395	53.65823837248354
1396	53.834236388792114
1397	53.666484611254006
1398	53.6566633188113
1399	53.93181726743001
1400	53.898923388594895
1401	54.221473111054344
1402	53.79543664275067
1403	53.85734163993233
1404	53.78722550507042
1405	53.63616323255167
1406	54.26674324337705
1407	53.9164145752747
1408	53.8656266163062
1409	53.71936380893267
1410	53.91183472598742
1411	54.037794304864384
1412	53.913752318368424
1413	53.477587927971115
1414	53.859811458119836
1415	53.9590232205457
1416	54.08930884744621
1417	53.72945828627473
1418	53.93548382190727
1419	53.747484444611196
1420	53.98368268307283
1421	54.13215279118604
1422	53.78489224401139
1423	53.62198792061775
1424	53.44367082406143
1425	53.23814833093115
1426	53.52106168907568
1427	53.52835662051134
1428	53.51413819199244
1429	53.842663694231334
1430	53.8654149455525
1431	53.8656978894725
1432	54.14512917962944
1433	54.30163909629589
1434	54.083569504873154
1435	53.77020358460112
1436	53.98007370937564
1437	54.05550999453374
1438	54.15440862563446
1439	54.011969508428834
1440	54.01071750154232
1441	54.17109485768865
1442	54.057959808490644
1443	54.142547100343634
1444	53.94291807552531
1445	54.37048495112248
1446	54.82521278874476
1447	54.70669676391203
1448	54.495027725765055
1449	54.48658131127809
1450	54.780199559439595
1451	54.66319964418142
1452	54.257537070256284
1453	54.76357518826781
1454	54.781960368854655
1455	54.48690275423357
1456	54.53231887119321
1457	54.50963541759518
1458	54.03519970526737
1459	53.78237430120399
1460	53.84035543528314
1461	54.10523240597573
1462	53.870972953305454
1463	53.74200161482755
1464	53.959795920162954
1465	54.312771152423764
1466	54.29700913265255
1467	54.03281741113179
1468	53.77708960338567
1469	53.88652707156897
1470	53.93033616602385
1471	53.96519158943603
1472	54.02688346680611
1473	53.56339938667192
1474	53.67971766075105
1475	53.55069342798696
1476	53.863439761139304
1477	53.85897616017451
1478	53.74766445386979
1479	54.06382083428879
1480	53.76633159580856
1481	53.746241176672214
1482	53.78767174436817
1483	53.5666005776509
1484	53.32065523539402
1485	53.276135058515244
1486	53.49680840585297
1487	53.71298384031009
1488	53.67580191378905
1489	53.603278714200755
1490	54.087965228665226
1491	53.77993849816083
1492	53.914898905276054
1493	53.62862848826013
1494	53.49697839143768
1495	53.554231996044486
1496	53.787822549810286
1497	53.91642093127703
1498	54.36636506462249
1499	53.76709256912471
1500	53.98767429356886
1501	54.014578041104954
1502	54.05475644750689
1503	54.004234520316416
1504	54.10716778485547
1505	54.39208388183688
1506	54.305315326586154
1507	54.51328970648717
1508	54.4359866137104
1509	54.19273443947114
1510	54.01133844720893
1511	54.10109884452845
1512	54.12723989780734
1513	54.26544549881666
1514	54.114555253667014
1515	53.80832136617052
1516	54.0532289109279
1517	54.01635552702643
1518	53.934470404262996
1519	54.246018881322684
1520	54.490399167295664
1521	54.38818516877874
1522	54.311262183184866
1523	54.29363034126058
1524	54.31397461228114
1525	54.226580561103944
1526	53.92819799718404
1527	53.97983092882004
1528	54.21152477192911
1529	54.173362748505944
1530	53.83864048941873
1531	54.113615052726686
1532	53.80702572223041
1533	53.55661477426648
1534	53.72060580980686
1535	54.110703108512624
1536	54.109775611655415
1537	54.07533571116967
1538	54.16550453925982
1539	54.086289343853025
1540	54.38924765236728
1541	54.56210094702783
1542	54.249798020411866
1543	54.46995974996633
1544	54.49741263857312
1545	54.30204234467121
1546	53.783878451630514
1547	54.02997881135992
1548	54.34673580551202
1549	54.25234566320806
1550	54.41974969856982
1551	54.61400833971237
1552	54.73217481727514
1553	54.297837601122524
1554	54.20930810543383
1555	54.41702039078713
1556	54.16762874280438
1557	54.402220678143145
1558	54.153303488662786
1559	54.31330248721664
1560	54.09468798960748
1561	54.20409275737407
1562	54.32615614534032
1563	54.3132544692257
1564	54.3330830547167
1565	54.030826310158545
1566	53.736392601641505
1567	53.78664743305734
1568	53.41778462486345
1569	53.60404075310495
1570	53.67826858777107
1571	53.55150674469322
1572	53.57946179445218
1573	53.49839732095516
1574	53.459757016250684
1575	53.56839228891837
1576	53.70047291042387
1577	53.841713263231426
1578	54.13317378511073
1579	53.99751705739362
1580	54.33246326558106
1581	54.10492148663053
1582	54.17013385990056
1583	53.81161888212439
1584	54.35115010929025
1585	54.10611962121621
1586	54.076872929853856
1587	53.88730706312443
1588	53.93796122591957
1589	53.875639937461635
1590	53.86352378139876
1591	53.78361273513644
1592	53.88355967940319
1593	54.13400854413675
1594	53.9253186637021
1595	54.04890367885678
1596	54.34685049295798
1597	54.09615615671385
1598	54.21662482704963
1599	54.3235802567081
1600	54.17989343059533
1601	54.26241373736161
1602	54.40079830976997
1603	54.13791437618226
1604	54.42804064936197
1605	54.23532517864346
1606	54.37123298797256
1607	54.342924069393604
1608	54.44054217209732
1609	54.12673386954806
1610	54.218285909653545
1611	54.208001446117976
1612	53.98727579464453
1613	54.393392912968544
1614	54.170242873421316
1615	54.05429893927503
1616	53.98274401564879
1617	53.75261670894674
1618	53.73644191126348
1619	53.525147590580104
1620	53.286313369445196
1621	53.38145522974103
1622	53.810511449044576
1623	53.35913244770049
1624	53.62493343856098
1625	53.35788161047197
1626	53.61491228480815
1627	53.91960455131594
1628	53.653144344509755
1629	53.68539516828279
1630	53.88633951474658
1631	53.532861652062905
1632	53.70407946713327
1633	53.6350898688137
1634	53.43028877869208
1635	53.65388248205865
1636	53.57755488629386
1637	53.48782060221928
1638	53.70860417467027
1639	53.714992307429945
1640	53.43260689690111
1641	53.50895664669186
1642	53.43081520563686
1643	53.52465385078859
1644	53.83524323844088
1645	53.89114807675522
1646	53.996953787691226
1647	53.73442843553739
1648	53.408406481125596
1649	53.7214502979274
1650	53.76824914926837
1651	53.795062189011574
1652	54.27091026289211
1653	54.415080421161896
1654	54.05745176690189
1655	53.99519357699727
1656	53.78872039549208
1657	53.66537988784637
1658	53.7611060938204
1659	53.72227827162389
1660	53.74284196523306
1661	53.76923684131724
1662	53.84564779740484
1663	53.650655460718895
1664	53.68990108709041
1665	53.92639744179373
1666	53.82341273434128
1667	54.138795757537906
1668	54.093844619359004
1669	54.087345437432376
1670	53.94790338835009
1671	53.84411856266602
1672	54.11185822134488
1673	54.34289256187731
1674	54.45255744151002
1675	54.09485807838627
1676	54.07474839689193
1677	54.39602866735797
1678	53.69030753701804
1679	53.79037875616477
1680	53.799124695672816
1681	53.76736612762254
1682	54.12178095009367
1683	53.89604793528984
1684	53.720959358585816
1685	53.89402592546422
1686	53.755314655742374
1687	53.73101652348992
1688	54.36644261908923
1689	54.037013900769004
1690	54.135851198720424
1691	54.11898408045103
1692	53.65441281686104
1693	54.009878510524544
1694	53.9338427297583
1695	54.29603882702597
1696	53.99322105683174
1697	53.79203697217184
1698	53.77531209779663
1699	53.53517997249269
1700	53.67959007621923
1701	54.071591935128936
1702	54.3578353006836
1703	54.098168430278875
1704	53.998419490819636
1705	53.98552229788925
1706	54.23731809338701
1707	54.01100362472215
1708	53.94262140945444
1709	53.71701973639834
1710	53.715645478938896
1711	54.010518694075685
1712	54.09281528310885
1713	53.808958304483944
1714	53.8364303502473
1715	53.819420736852585
1716	53.732801225396265
1717	54.043373335012184
1718	53.692349319145556
1719	53.84770108596129
1720	53.73200526040758
1721	54.1128519995505
1722	53.84358608504207
1723	53.661215123353294
1724	53.74712192696505
1725	53.76840980970321
1726	54.270323693615396
1727	54.16491917058856
1728	54.030735886564585
1729	53.81797398205852
1730	54.12300994298548
1731	54.276297735264485
1732	54.120019234987296
1733	54.47110267615087
1734	54.454643279189845
1735	54.29851606481687
1736	54.10526957480591
1737	54.275476693493104
1738	54.57051256659882
1739	54.55157257588012
1740	54.89326816030104
1741	54.373972346709735
1742	54.648848333842494
1743	54.58296127245308
1744	54.42241848427203
1745	54.82489598031578
1746	55.00584635709724
1747	54.4977812555802
1748	54.75023322317465
1749	54.80538060161911
1750	54.57454069384112
1751	54.82774682213097
1752	54.58212321479028
1753	54.54290948326957
1754	54.60062616043244
1755	54.58798114381446
1756	54.44725121426147
1757	54.4635501336312
1758	54.3795840416652
1759	54.0233385450152
1760	54.129348437609025
1761	54.015144223805436
1762	54.02247171876874
1763	54.04716682400556
1764	53.85770190822457
1765	53.636311714227524
1766	53.31648721881819
1767	53.12708682266839
1768	53.68085442615123
1769	53.738946690939144
1770	53.638375064910726
1771	53.89290001566798
1772	53.57382282696764
1773	53.69153307946484
1774	53.59735248679531
1775	53.798247609474465
1776	53.60190028421432
1777	53.48529447449983
1778	53.429664942346974
1779	53.47799632306212
1780	53.585627369178574
1781	53.80770116935183
1782	53.74097722005227
1783	53.282478374035776
1784	53.5167307646508
1785	53.74434003349631
1786	54.05002969198041
1787	53.94996281619279
1788	53.884016777881385
1789	53.749029917456724
1790	53.84158822708481
1791	53.90123335121117
1792	54.21112780423681
1793	53.925362243711476
1794	54.08956545541923
1795	53.892961979826104
1796	53.38018534391181
1797	53.757985737540025
1798	53.9102457555648
1799	54.109642929094974
1800	53.64703757507232
1801	53.65839535829882
1802	53.908792188834795
1803	54.163866940790186
1804	54.22430240225366
1805	54.04206564227689
1806	54.25473171215323
1807	53.89355468992836
1808	53.765293596248455
1809	53.97028266733468
1810	54.084378665462495
1811	54.11379796739527
1812	54.46952955500919
1813	54.02911613154413
1814	54.06196932588735
1815	53.7771328547299
1816	53.67588963029431
1817	53.754461977842325
1818	53.58640160067473
1819	53.87500890319876
1820	54.132355328114585
1821	54.24937793110749
1822	54.041954166020204
1823	54.081033002685395
1824	54.22608553004097
1825	54.021884363836115
1826	53.540344818319824
1827	54.30820474552186
1828	54.27597869045303
1829	54.29203601530051
1830	54.4492038703644
1831	54.32480863369563
1832	54.24467357022572
1833	54.39500823988709
1834	54.2807491581016
1835	54.25413802080814
1836	53.939505434727415
1837	54.147537239411506
1838	54.03557818660455
1839	53.99562515497544
1840	54.258218219347214
1841	53.9812615990727
1842	54.00563188353205
1843	54.02880994838554
1844	54.2860512962498
1845	54.630909449708305
1846	54.53229532967722
1847	54.5202782971095
1848	54.80292006155538
1849	54.80367018570436
1850	54.64651708175701
1851	54.71371304230826
1852	54.79558516128827
1853	54.80516960548225
1854	54.94548588901972
1855	54.81102399173014
1856	54.669995933354805
1857	54.456784803649924
1858	54.50653837324279
1859	54.38788962144702
1860	54.342070158169264
1861	54.59980875104706
1862	54.308227523936694
1863	54.330373104964224
1864	54.381704165984075
1865	53.94796707307697
1866	53.712463246979674
1867	53.808763714784895
1868	53.83830204216047
1869	53.67219494944801
1870	53.584382994440105
1871	53.951247602606536
1872	54.09825864700858
1873	54.03479323182432
1874	54.10644691606197
1875	53.82013836899708
1876	54.03411388659872
1877	53.90662719656238
1878	53.873542513036135
1879	53.800600512442685
1880	54.12733555519658
1881	54.32481470940573
1882	54.08780979397493
1883	53.86785517057676
1884	53.93314118114708
1885	53.86223575456668
1886	53.693207374679275
1887	53.81614352864263
1888	53.80315669732874
1889	54.21292060530617
1890	54.05994027210512
1891	54.13557843702554
1892	54.10635840789283
1893	54.19289997414559
1894	53.70257158719174
1895	53.98748991427837
1896	53.66538677588257
1897	53.938331326153126
1898	53.76242213873063
1899	53.76827224122834
1900	54.12812399206197
1901	54.125611245470616
1902	54.33761858320775
1903	54.01979439127689
1904	54.05936120740172
1905	54.130675440640765
1906	54.37244294837104
1907	54.15987608340075
1908	53.994759282040725
1909	54.481112612135135
1910	54.41328047888308
1911	54.6290263374206
1912	54.45606297116864
1913	54.1988602786131
1914	54.0692915530032
1915	54.2607478110014
1916	53.98447768973809
1917	54.065282131777835
1918	54.24225105426915
1919	54.324779424571766
1920	54.15720861199702
1921	54.405669883085615
1922	54.24300989275491
1923	54.13310205729675
1924	54.2759552200818
1925	54.69718797859698
1926	54.73870961752417
1927	54.93658818668077
1928	54.90670485747589
1929	55.00372492465402
1930	54.89863964395404
1931	54.91493137457341
1932	54.740413687440075
1933	54.854781914926576
1934	54.74147134865784
1935	54.77138334525197
1936	54.52026820143768
1937	54.78689098752726
1938	54.19615700123412
1939	54.05442839097879
1940	53.887065124250995
1941	54.109358138961205
1942	54.21595038127077
1943	54.34728032297956
1944	54.66850821432914
1945	54.547266374406846
1946	54.75796346012644
1947	54.535899278476656
1948	54.29489387082253
1949	54.097539507107555
1950	54.02663123997169
1951	53.99028431774292
1952	54.04035905805122
1953	53.867287081180805
1954	54.228511943173075
1955	53.99389723516783
1956	53.98995347172356
1957	54.058410220450156
1958	54.17491460465912
1959	54.12169846414649
1960	54.08686747633169
1961	53.84885068197052
1962	53.68412774277084
1963	53.74486231062327
1964	53.81129783874955
1965	53.85445409760831
1966	53.85427902902589
1967	53.87547906317018
1968	53.60310528932469
1969	53.7206051678103
1970	53.83300162140305
1971	53.84817270435022
1972	54.3721452319516
1973	54.36981122589287
1974	54.28477334097331
1975	54.40614852567712
1976	54.418322863505715
1977	54.378858616382
1978	54.207808945723144
1979	54.46368851397536
1980	54.476406258414784
1981	54.535593758385176
1982	54.27250656272126
1983	54.30268082382305
1984	54.07829631172681
1985	53.973022609083486
1986	54.21181816060339
1987	54.17764290077591
1988	53.981904672846916
1989	54.29775822031401
1990	54.494523457098786
1991	54.023642397508965
1992	54.397799600765524
1993	54.246248482904434
1994	54.01310914089744
1995	53.89174556530709
1996	53.84077135525045
1997	53.79423206529608
1998	53.93732419257844
1999	53.98938732520654
2000	54.165965400817385
2001	53.97539357695901
2002	54.15139220922073
2003	53.83253711133591
2004	53.84214514770623
2005	53.85969960782913
2006	54.10318139453479
2007	53.85419836996825
2008	53.94102287619251
2009	54.141512890292745
2010	53.97660778275383
2011	53.98471537823353
2012	54.21830093235771
2013	54.61782529682415
2014	54.56080962163593
2015	54.51563592533532
2016	54.775505709887355
2017	54.64767140739905
2018	54.198083276568035
2019	54.74420851448465
2020	54.471520698596024
2021	54.38327369497564
2022	54.21829282831965
2023	53.74287546365902
2024	54.02867273500968
2025	53.96114159417706
2026	54.12157043581268
2027	54.09388345724376
2028	54.188306408040354
2029	54.68474494734639
2030	54.54232426696156
2031	54.99395985633443
2032	54.86064372845408
2033	54.731661662006836
2034	54.74594834101257
2035	54.50413551252347
2036	54.320959821544925
2037	54.269632077544536
2038	54.58084047808401
2039	54.24109022758781
2040	54.35118776741081
2041	54.57847728813891
2042	54.624233052529775
2043	54.39531571111114
2044	54.58382181953951
2045	54.31534852779578
2046	53.922009070858785
2047	54.23235686515448
2048	53.935271825173324
2049	54.14967754743117
2050	54.26456280275183
2051	54.05418471646172
2052	53.89438095392633
2053	54.071563034871716
2054	54.428175505651886
2055	54.19904023925671
2056	53.966172638859724
2057	54.16708009595472
2058	54.28613331710694
2059	54.0648447842915
2060	54.19596826585719
2061	54.22126129309103
2062	53.60374381809456
2063	53.741320932107556
2064	53.95284282784887
2065	53.86228234978419
2066	53.952611311597174
2067	54.0215261182043
2068	53.801923564576015
2069	54.0409393032385
2070	53.98093492899949
2071	53.92753637776331
2072	53.764211734921936
2073	53.89954302614954
2074	53.89474136936825
2075	53.903415511882365
2076	54.112912764440246
2077	53.82616086412429
2078	53.85937711391165
2079	54.16600315878151
2080	54.12022060490628
2081	54.00691551462873
2082	54.174882792624636
2083	54.04382816703994
2084	54.20215177683847
2085	53.90272046320575
2086	54.22646752224664
2087	53.927860289673234
2088	53.95513991971997
2089	54.03267403830445
2090	54.07809603453502
2091	53.951607598484294
2092	53.98569476602604
2093	53.823930670568465
2094	54.20310086024124
2095	53.99612604619517
2096	54.18259711157401
2097	54.08739867284555
2098	54.25217021188173
2099	53.995273363996176
2100	54.25688930096594
2101	52.29548658634248
2102	51.5005339354757
2103	50.835003737256315
2104	50.5602842559992
2105	50.083767738367506
2106	49.91709594638208
2107	49.824519293528894
2108	49.80468757924484
2109	49.839216967458775
2110	49.78116168706252
2111	49.565356553491675
2112	49.481657526802536
2113	49.27841453122586
2114	49.33047935249768
2115	49.343935869862136
2116	49.349075828214175
2117	49.03725948223709
2118	49.11854598802495
2119	49.004899949843725
2120	49.05014253062944
2121	49.194135465524255
2122	49.10454399911952
2123	49.04975992467652
2124	49.106054780639646
2125	49.078397252478176
2126	48.921962634366984
2127	49.07150116408972
2128	49.075930101188334
2129	49.101550845008866
2130	49.01615530101074
2131	49.15101994369336
2132	49.13209381290244
2133	49.01023162040052
2134	49.180635123575954
2135	49.19130138036679
2136	49.102008143913025
2137	49.06695909760289
2138	49.01114503443764
2139	49.07307108170882
2140	49.031455026612356
2141	49.069726724411666
2142	48.92201152659976
2143	48.980974816463245
2144	49.11811145472395
2145	49.20020274985562
2146	49.013540219612324
2147	48.94768791053213
2148	48.96557118110758
2149	48.81293782449863
2150	48.80589952607872
2151	48.85103535639895
2152	48.78910123407592
2153	48.989764937619555
2154	48.95585690750841
2155	49.04207112173342
2156	48.92209523363146
2157	48.87280262485063
2158	48.859276090212305
2159	48.95628877013293
2160	48.77025628195631
2161	48.74014044100876
2162	48.76688766489006
2163	48.952966811313914
2164	48.932697790974174
2165	48.97507546577656
2166	48.88032510812785
2167	48.7892650575337
2168	48.84904063070107
2169	48.777646072321126
2170	48.886330386593706
2171	48.96071223189179
2172	48.82433738268659
2173	48.77537634689149
2174	48.84639528944945
2175	48.840337442580044
2176	48.89473699372522
2177	48.96726657638347
2178	48.91652284767798
2179	48.91893837746791
2180	48.94681197913076
2181	48.86626068259957
2182	48.916072964488244
2183	49.03441531364478
2184	48.92596496595435
2185	48.95098195241381
2186	48.83717087693014
2187	48.895174860823616
2188	49.00490543036034
2189	49.00164137607231
2190	48.919996110604245
2191	49.037210246026305
2192	48.90914138419764
2193	49.00472855221277
2194	48.939572977322214
2195	48.845370934660096
2196	48.73357483391306
2197	48.87502325354366
2198	48.92022937942556
2199	48.97809394241837
2200	48.77964562327034
2201	48.77419650218183
2202	49.00905553549778
2203	49.07629375850686
2204	48.978442913987266
2205	48.92872187748864
2206	48.893610305699156
2207	48.84306107108042
2208	48.760207099665855
2209	48.87290567038151
2210	48.854910738223445
2211	49.052848095092465
2212	48.82036830619662
2213	48.906047715024535
2214	49.06675115524302
2215	48.9753221728617
2216	48.86693251870673
2217	49.001133971726944
2218	48.912292373735646
2219	48.876397101134934
2220	48.897579457679626
2221	48.86466350041215
2222	48.986883604023234
2223	48.943586081138484
2224	48.8673522877994
2225	48.83171989510059
2226	48.90901730413398
2227	48.986458387443186
2228	48.92956963433172
2229	49.00179022825906
2230	48.944649381030956
2231	48.949619577163624
2232	48.891730755882605
2233	48.920813602837974
2234	48.95402334132881
2235	48.95497250395856
2236	49.022712928680946
2237	48.93773721835258
2238	48.973648969524525
2239	49.08532094435195
2240	48.941962743832235
2241	48.96960129349147
2242	48.93485972891153
2243	48.91730179988036
2244	48.95106845803252
2245	48.93676198286091
2246	48.91825706137912
2247	48.8718325273084
2248	48.89474911677632
2249	48.91312563200151
2250	48.9006781747669
2251	48.75774508872033
2252	48.8348006332894
2253	48.788017894103646
2254	48.76815646048635
2255	48.83056526517066
2256	48.90877912469219
2257	48.879043547752914
2258	48.90477397970049
2259	48.850266433473514
2260	48.80882706157109
2261	48.89542613370881
2262	48.76608642494104
2263	48.825118388033076
2264	48.760513126210874
2265	48.79387155597088
2266	48.70107530686779
2267	48.752289031533884
2268	48.82314325465549
2269	48.76015787338346
2270	48.74747547686909
2271	48.723936074743335
2272	48.895155989431274
2273	48.73178381857496
2274	48.7121234235179
2275	48.6627607432612
2276	48.66120742376948
2277	48.67394420546685
2278	48.73444169198997
2279	48.74408630664555
2280	48.79319965613685
2281	48.83694267085559
2282	48.82932143263243
2283	48.78742269461554
2284	48.78667456184634
2285	48.86857748754753
2286	48.807328789167634
2287	48.93420610624049
2288	48.68144870498564
2289	48.737000799080434
2290	48.72040413894589
2291	48.83754602794003
2292	48.75064014237747
2293	48.60592482566484
2294	48.77754955027525
2295	48.71939214210778
2296	48.87278008041214
2297	48.87393468741074
2298	48.84704121246032
2299	48.912307034532944
2300	48.95278275939775
2301	48.921895652218254
2302	48.8986450288149
2303	48.941195938873285
2304	48.860814884080376
2305	48.79726552646609
2306	48.95917451422203
2307	48.97647788038272
2308	48.80245225821993
2309	48.888741395588575
2310	48.85845143115213
2311	48.82274331902287
2312	48.95156666588173
2313	48.910239160274536
2314	48.73792928194508
2315	48.784172987532074
2316	48.79985886658213
2317	48.877644869837454
2318	48.84419602943506
2319	48.7851618554977
2320	48.73045542480494
2321	48.755048405947704
2322	48.80263165549047
2323	48.766048856657605
2324	48.839570831863696
2325	48.812992254510604
2326	48.72022872702419
2327	48.69791440810708
2328	48.75748042636396
2329	48.86740065801972
2330	48.80937268389357
2331	48.70385687209314
2332	48.66424897748091
2333	48.79484132946325
2334	48.76889863218925
2335	48.81434408686075
2336	48.77005016670282
2337	48.81499584959663
2338	48.81485755407204
2339	48.786341025715686
2340	48.9550212834608
2341	48.833313698560836
2342	48.66644587936209
2343	48.915265329391445
2344	48.57737085922607
2345	48.697011416430875
2346	48.828181181641
2347	48.78879833101568
2348	48.82811361490834
2349	48.84340809662387
2350	48.676000823549685
2351	48.87877690446211
2352	48.84117510202272
2353	48.851254159182304
2354	48.86512634939144
2355	48.96653284652111
2356	49.034734984740325
2357	48.9473810981323
2358	48.869021424566306
2359	48.95477479984446
2360	48.7785901594376
2361	48.63683520373344
2362	48.94503467671872
2363	48.82371047949319
2364	48.9130414679732
2365	48.845800753410316
2366	48.79764687222977
2367	48.74046229607016
2368	48.90853596247646
2369	48.935455174849636
2370	48.92606382653834
2371	48.85900302998003
2372	48.80639445740463
2373	48.90140612555313
2374	48.909062882955055
2375	48.90837768311037
2376	48.99275658397714
2377	48.77428083384396
2378	48.795314522420526
2379	48.87258600866072
2380	48.73274956063236
2381	48.77244511456584
2382	48.75741307254707
2383	48.90767182541241
2384	48.8493290204424
2385	48.703488906073005
2386	48.77418205493912
2387	48.85043619156477
2388	48.792569178271314
2389	48.9111226789784
2390	48.88012353815555
2391	48.8138100771384
2392	48.7981709631785
2393	48.824236652223135
2394	48.71055780774985
2395	48.81889465227115
2396	48.767719111308445
2397	48.63392299947853
2398	48.850770553912845
2399	48.912110233401535
2400	48.75608520855653
2401	48.84325552339525
2402	48.76825059968843
2403	48.851871574459025
2404	48.88260231090474
2405	48.78771395670903
2406	48.88458882586416
2407	48.79183282566814
2408	48.802669040118374
2409	48.76768473602043
2410	48.89663393769474
2411	48.81063144365885
2412	48.96785461550511
2413	48.97380780413478
2414	48.9222757146701
2415	48.846858181356694
2416	48.92075452157932
2417	48.902752669279025
2418	48.847707641971915
2419	48.985884177552535
2420	48.869363259060854
2421	48.924567333326394
2422	48.93336595257981
2423	48.91588215762927
2424	48.96030696518537
2425	48.87835685107465
2426	48.867477708197306
2427	48.895319220542454
2428	48.8660387807549
2429	48.827263339553696
2430	48.88371736881964
2431	48.71563539152931
2432	48.894302236850876
2433	48.91083439259103
2434	48.89149882479615
2435	48.928297766165194
2436	48.97484914100576
2437	48.92937798062572
2438	48.731778306975045
2439	48.793037838414044
2440	48.85378998402125
2441	48.877967667059394
2442	48.90640028625744
2443	48.996155046319714
2444	48.96541500166653
2445	49.04247541014009
2446	48.95501736135505
2447	49.0768478166957
2448	48.96147640815727
2449	48.95050782222725
2450	48.93584903862903
2451	48.770995000861845
2452	48.78355163185749
2453	48.762495164875446
2454	48.94562542964796
2455	48.81677908629044
2456	48.88319707276972
2457	48.908172673437164
2458	48.90867907736095
2459	48.92970457440388
2460	49.01713290703343
2461	48.91465937634729
2462	48.99589040498925
2463	48.8463680579076
2464	48.894587781748854
2465	48.84399602846998
2466	48.74074934083443
2467	48.74679012731451
2468	48.879730302917196
2469	48.846624260717306
2470	48.78981991924925
2471	48.92572134949103
2472	48.84442166497334
2473	48.91524997468625
2474	48.9614557066338
2475	48.72987789314707
2476	48.984078926154226
2477	48.84284636813219
2478	48.90363178336724
2479	48.88570226971085
2480	48.94933046379958
2481	48.945854645238505
2482	48.986930778845846
2483	49.10290641705017
2484	48.957965350168294
2485	48.974410448263164
2486	48.95569657271263
2487	48.96692833129653
2488	48.83339779745131
2489	48.86861276112987
2490	48.87880452116412
2491	48.93920354959168
2492	48.91207823124874
2493	48.98837098637077
2494	48.7583819490186
2495	48.85561534130956
2496	49.02904577867676
2497	48.917607228995614
2498	49.03561002758495
2499	48.95146660665861
2500	49.1148085076836
2501	48.979138871696904
2502	49.03081135944138
2503	49.13775506630273
2504	49.012591825716015
2505	49.02380095766377
2506	48.97057231404449
2507	48.9768876768619
2508	48.92381293627054
2509	48.94520155204401
2510	48.989253208646545
2511	48.91040519946952
2512	48.93213887550288
2513	48.859638229275866
2514	48.85014181884596
2515	48.78914769301215
2516	48.9531712172453
2517	48.75826671732331
2518	48.865409243046464
2519	48.897925013214696
2520	48.84850350076988
2521	48.76580437411853
2522	48.68308605503805
2523	48.68256386776915
2524	48.93101126977005
2525	48.783316458150914
2526	48.976735851727504
2527	48.98086646249929
2528	48.89382863505011
2529	48.72774121201367
2530	48.833079079426625
2531	48.839873611016564
2532	48.911205444687916
2533	48.90720400557335
2534	48.98960459015317
2535	48.9367515823783
2536	48.96507718373529
2537	48.95445796902267
2538	48.75384108050521
2539	48.80455629912568
2540	48.869392602728034
2541	48.92581696348711
2542	48.82788617267153
2543	48.76525712988365
2544	48.71665068781911
2545	48.91452662205974
2546	48.85326784823563
2547	48.90294971531588
2548	48.79172448823989
2549	48.76268197906186
2550	48.88504647187261
2551	48.871217312060146
2552	48.922695544405165
2553	48.85757046784801
2554	48.791835599633416
2555	49.00264933323836
2556	48.99533597650997
2557	48.96104557455679
2558	48.972574714316686
2559	49.009653606995855
2560	48.81485923693681
2561	49.041668331903246
2562	48.998449184442386
2563	48.92414643734406
2564	48.85107329482106
2565	48.769550045482895
2566	48.73080275953587
2567	48.9194406482069
2568	48.76376812280866
2569	48.90106037886682
2570	48.93178637368208
2571	48.82168259630138
2572	49.05889028143004
2573	48.809553372028375
2574	48.7505886710906
2575	48.8849739794986
2576	48.844963123663725
2577	48.81510747966157
2578	48.95900588438909
2579	48.95891274563119
2580	48.986256956919945
2581	48.88416192038595
2582	48.977778577470616
2583	48.82723140298054
2584	48.852558321100396
2585	48.896438491866824
2586	48.86431043721388
2587	48.86331417359659
2588	48.96452332182463
2589	48.97107679210279
2590	49.02805154819929
2591	48.93752144242222
2592	48.9838001222849
2593	48.95405537481957
2594	48.91033858656624
2595	48.938316450967044
2596	48.99922304051905
2597	49.070277076834486
2598	49.084316058774576
2599	48.985791659243986
2600	48.98507728095609
2601	48.899185265629164
2602	48.77459650324948
2603	48.86492498810446
2604	48.78009592513483
2605	48.886587089936086
2606	48.85128863175774
2607	48.888897131681894
2608	48.91567137605029
2609	48.929208891124176
2610	48.879613837690556
2611	48.691843437737674
2612	48.758751447843736
2613	48.78007591461932
2614	48.921073879810436
2615	48.891643489581604
2616	48.88613843840002
2617	48.98596704936283
2618	48.9618419898255
2619	48.9356752606823
2620	48.97818347615921
2621	48.94191496543204
2622	48.926480334328524
2623	48.818778916326764
2624	48.90187771892308
2625	48.86049290110303
2626	48.98171822042681
2627	48.947951587823376
2628	48.853080648220974
2629	48.91283966190758
2630	49.01446877176299
2631	48.88553629865246
2632	48.812045141980164
2633	48.87819765305461
2634	48.91711921308974
2635	48.84027969058019
2636	48.7560619894339
2637	48.90165411936543
2638	48.82899389300797
2639	48.79403389839182
2640	48.84443538965541
2641	48.76003517401824
2642	48.83536144800867
2643	48.87688313527399
2644	48.847373415816676
2645	48.81973084141264
2646	48.78774757298042
2647	48.85673879511809
2648	48.938756739058114
2649	48.81319583015883
2650	48.82553455570563
2651	48.82629242423147
2652	48.87386075092569
2653	48.9892172312574
2654	48.928923968406515
2655	49.02822771063754
2656	48.79745837836812
2657	48.7323415395484
2658	48.783471612959815
2659	48.911301002722645
2660	48.86100772021606
2661	48.88601054801359
2662	48.944328880229264
2663	48.8756700779279
2664	48.915171969300744
2665	48.8767037289933
2666	48.84394432117535
2667	48.9592483534002
2668	48.836748257490186
2669	48.845008396084864
2670	48.77592761507597
2671	48.87207273189347
2672	48.747272316683535
2673	48.892191970111114
2674	48.78873020973166
2675	48.838608898294936
2676	48.785988777361304
2677	48.75020092290139
2678	48.87433163277016
2679	48.876973024444304
2680	48.714081129699
2681	48.661301656324
2682	48.83908901992776
2683	48.814204708330806
2684	48.75891978612667
2685	48.94345541996054
2686	48.94160012307644
2687	48.86304093702325
2688	48.93933479296638
2689	48.923874167280516
2690	48.95847889534487
2691	49.0452170471636
2692	48.84359399450885
2693	48.90031554386372
2694	48.95009653556506
2695	48.99113164265919
2696	48.919645479082334
2697	48.962552784262236
2698	48.90761666975669
2699	48.835357870362614
2700	48.97425798757871
2701	48.86201163587867
2702	48.908448632861614
2703	48.82543023962125
2704	48.903538283351516
2705	48.94702002795939
2706	48.91152710727304
2707	49.11057617665861
2708	49.023545299217176
2709	49.072083239579754
2710	48.93823490605311
2711	48.91450458218642
2712	48.846222250510216
2713	48.83084897250391
2714	48.78346161539484
2715	48.97532932857014
2716	48.986409070287706
2717	48.95657294265776
2718	48.73652700633767
2719	48.84506318371167
2720	48.754566104466804
2721	48.77912265427476
2722	48.86953242032445
2723	48.91591967075401
2724	48.9283769373459
2725	48.82885582566753
2726	48.84296974118142
2727	48.742772589846325
2728	48.70648035518279
2729	48.66317024851124
2730	48.86825784849048
2731	48.82061824128479
2732	48.7816129076939
2733	48.82229543800786
2734	48.7510287450755
2735	48.71079561958926
2736	48.77399326591493
2737	48.93083050689587
2738	48.830533144685106
2739	48.84854608218958
2740	48.90404020982034
2741	48.76962949058048
2742	48.79878362817293
2743	48.7611044932319
2744	48.76497079457788
2745	48.68435017859476
2746	48.8202068439011
2747	48.80952435470942
2748	48.77242004847094
2749	48.80770759824466
2750	48.804320265778536
2751	48.77090261217829
2752	48.917518333863875
2753	48.779552184682935
2754	48.88968008299714
2755	48.65257687158214
2756	48.75310665360259
2757	48.880303613310325
2758	48.93298518701209
2759	48.91859171399904
2760	48.96943750057907
2761	48.92835990473448
2762	48.88440972543202
2763	48.82729952143095
2764	48.891229865135216
2765	48.78923534452868
2766	48.89841753352244
2767	48.90601321460012
2768	48.98180957662899
2769	48.9727704453432
2770	48.9260517327644
2771	48.80589420441743
2772	48.83596670127764
2773	48.837283990417546
2774	48.98412630032198
2775	49.048468026897766
2776	48.95110875299565
2777	49.078795355192455
2778	49.0586493199665
2779	48.96883178251022
2780	48.94398929528643
2781	48.87160975401093
2782	48.939256510159325
2783	48.92958307900721
2784	48.88783410390062
2785	48.89852900957151
2786	48.822098750390396
2787	48.85153408680277
2788	48.93834864988402
2789	48.93383054719284
2790	49.05147831159535
2791	48.98200935420259
2792	48.97831904883521
2793	48.985201093316064
2794	48.950290159858994
2795	48.82504559955498
2796	48.88539891730026
2797	48.84576554623691
2798	48.88299933086315
2799	48.782925181450175
2800	48.7846748217852
2801	48.86745191323256
2802	48.92227442800379
2803	48.76118186486157
2804	48.90276894089088
2805	48.84904009120036
2806	48.91879757004766
2807	48.91327168165282
2808	48.98576917647055
2809	48.97129711404417
2810	48.90180932103127
2811	49.05215660104404
2812	48.89614311316408
2813	48.81515660625253
2814	48.767092114452815
2815	48.75747424933283
2816	48.841617588183404
2817	48.82391508070612
2818	48.881597553394144
2819	48.886335851085065
2820	48.93079857506279
2821	48.972693763968536
2822	48.847792685897076
2823	48.890000921722404
2824	48.793432390036
2825	48.87366592433218
2826	48.80310360631509
2827	48.715741234171155
2828	48.758846751784645
2829	48.78444836557336
2830	48.78731325709812
2831	48.79079311199359
2832	48.751559093460806
2833	48.77996881722548
2834	48.88707904520036
2835	48.830787595796
2836	48.7787998758411
2837	48.795859084000604
2838	48.75601033856833
2839	48.9112579947235
2840	48.73701365782394
2841	48.902331841058384
2842	48.81910769554711
2843	48.833596759238674
2844	48.777177654195576
2845	48.73496876357913
2846	48.70117899768289
2847	48.71560232078495
2848	48.802564518204036
2849	48.63548631372194
2850	48.569144980033215
2851	48.707407160182555
2852	48.678155480214585
2853	48.67075216879637
2854	48.759180878298814
2855	48.75086476872789
2856	48.69604661569191
2857	48.78085404238153
2858	48.82946902588775
2859	48.75406721743293
2860	48.64104066899327
2861	48.60804497707835
2862	48.62885688709501
2863	48.686468311945134
2864	48.676253292846916
2865	48.64091669253054
2866	48.62326057016388
2867	48.58341850376849
2868	48.58165841806667
2869	48.60824772761155
2870	48.79643192434139
2871	48.69625706986933
2872	48.83141471630765
2873	48.93587848548458
2874	48.86960944448685
2875	48.87703061477267
2876	48.917154116294384
2877	48.8294187182551
2878	48.82658378087267
2879	48.80384236280427
2880	48.80185280112829
2881	48.73096274208726
2882	48.79904056691272
2883	48.77324477561042
2884	48.80204697305082
2885	48.83455361595618
2886	48.89387191825519
2887	48.86001672112266
2888	48.78134911133637
2889	48.81452260754624
2890	49.11389082270249
2891	48.869851221137004
2892	48.84540495021313
2893	48.808178210835614
2894	48.80367177299039
2895	48.87850950102529
2896	48.82446568755707
2897	48.764403391153344
2898	48.76251293243875
2899	48.88030773879608
2900	48.75166430708762
2901	48.80770805720392
2902	48.8888176227244
2903	48.77692951193529
2904	48.94934619183022
2905	48.85150296980282
2906	48.78146692583428
2907	48.727679263006024
2908	48.91152658860677
2909	48.99723917280829
2910	48.973233362518314
2911	49.01419608384455
2912	48.84334822729012
2913	48.99373507478658
2914	48.91394214211502
2915	48.848970889801436
2916	48.847104305875874
2917	48.68439140373637
2918	48.81770831726853
2919	49.03386940494617
2920	48.86608438444979
2921	48.91470603291416
2922	48.794127800226754
2923	48.90477311959279
2924	48.83534549392128
2925	48.746745113533116
2926	48.90171319736456
2927	48.768466794359256
2928	48.8320886195023
2929	48.838901099317226
2930	48.83530029733558
2931	48.93225639827392
2932	48.87762108884502
2933	48.82117149740354
2934	48.910568142913824
2935	48.92519574880154
2936	48.81153712942635
2937	48.731716722374436
2938	48.905956576939275
2939	48.932473904288344
2940	48.886199299566
2941	48.87879128552324
2942	48.85586932712372
2943	48.791587515971585
2944	48.78800123361317
2945	48.77329985470066
2946	48.776889107169694
2947	48.802163741202264
2948	48.901598045838135
2949	48.80333009534937
2950	48.73070599633741
2951	48.800571830537734
2952	48.871146538349315
2953	48.73915772691886
2954	48.7963284563006
2955	48.82836358504778
2956	48.73934642856631
2957	48.74717918005292
2958	48.78040717550444
2959	48.901165850105876
2960	48.89619618436316
2961	48.92557689267563
2962	48.653150497954826
2963	48.828797050944964
2964	48.87672633170148
2965	49.04970329527587
2966	48.844446043216536
2967	49.031132403068504
2968	48.964207214805874
2969	48.90227457035175
2970	48.93058316344295
2971	48.937802972841034
2972	48.98363611021077
2973	48.88935353804014
2974	48.82078559747539
2975	48.935273665625864
2976	48.893778406214935
2977	48.783886706878576
2978	48.81552866855964
2979	48.79812950016522
2980	48.84853582085111
2981	48.76066004895499
2982	48.92301009367693
2983	48.86250528401015
2984	48.92900964175201
2985	48.982371506253855
2986	48.78787643956423
2987	48.897575052603486
2988	48.815237387130836
2989	48.74318667243876
2990	48.92120936121144
2991	48.89157562010616
2992	48.969444707781584
2993	48.78044716601706
2994	48.83303816837503
2995	48.67006589873503
2996	48.842218251733655
2997	48.80828916129704
2998	48.74203601136537
2999	48.80327714412522
3000	48.75905882740941
3001	48.732845608992164
3002	48.72308857582978
3003	48.60331267740694
3004	48.86821904147471
3005	48.736067072407565
3006	48.77293139742175
3007	48.810318428919686
3008	48.78400886669412
3009	48.741299036530954
3010	48.814045730230625
3011	48.67758084194483
3012	48.815449965188044
3013	48.828492370898346
3014	48.788988729634184
3015	48.69656341226087
3016	48.85048695490204
3017	48.801356039283235
3018	48.7519886905891
3019	48.88566993968582
3020	48.83851612503898
3021	48.9456610111528
3022	48.85797320603234
3023	48.83083418107836
3024	48.97091158184614
3025	48.9486719898228
3026	48.94024468281776
3027	48.96045078636994
3028	48.81670083644206
3029	48.831152976349856
3030	48.704535598911434
3031	48.83592963096898
3032	48.86255628514688
3033	48.92375033132581
3034	48.80859971777231
3035	48.92347385262666
3036	48.902979565042834
3037	48.96340411444848
3038	49.00660392688739
3039	48.91570582257324
3040	48.97098459893758
3041	48.98668312662319
3042	48.893214775377736
3043	48.8594358133609
3044	48.8322865723486
3045	48.71901084207294
3046	48.89094805305806
3047	48.8821183894387
3048	48.84725719917887
3049	48.83177600723488
3050	48.9071602594587
3051	48.839851478548354
3052	48.82145505513326
3053	48.83747018765003
3054	48.969451098264294
3055	48.85097519151735
3056	48.85135410256976
3057	48.967388438377256
3058	49.01558131081228
3059	48.85308134773689
3060	48.691710369636716
3061	48.723727852016346
3062	48.82257921976929
3063	48.85203606716452
3064	48.8038470228244
3065	48.80875523967296
3066	48.763719825312194
3067	48.85955423120358
3068	48.714308069314356
3069	48.77336173992142
3070	48.78296939798985
3071	48.77934018590703
3072	48.80245300462586
3073	48.69586509105326
3074	48.723750606902286
3075	48.82531907972408
3076	48.86928525145403
3077	48.78900585639572
3078	48.72840161571378
3079	48.86319688353674
3080	48.902658800992356
3081	48.86702811597776
3082	48.760329278644285
3083	48.96160934864028
3084	48.85158650353094
3085	48.82014018312106
3086	48.82889196338578
3087	48.833941951122696
3088	48.906706444191585
3089	48.874551608965476
3090	48.900486693448066
3091	48.91063705670848
3092	48.86965325402612
3093	48.92832651602718
3094	49.044102178516304
3095	48.99199281765449
3096	49.08985606983023
3097	48.89128915256114
3098	48.9581871115024
3099	49.121922595377406
3100	48.93178732612607
3101	48.91947609530703
3102	48.77831504678617
3103	48.91856848637009
3104	48.929626662848726
3105	48.933650713253805
3106	48.85316976366931
3107	48.858416866374846
3108	48.90363488406602
3109	48.84258784847112
3110	48.89612761707888
3111	48.829868462639624
3112	48.69559911556236
3113	48.810612153689526
3114	48.76053258898573
3115	48.68636167650266
3116	48.69169600628404
3117	48.89932285529752
3118	48.88958120393002
3119	48.68532763877701
3120	48.75196794150072
3121	48.727542568975586
3122	48.721708347617785
3123	48.71144157889625
3124	48.69102776575126
3125	48.74513949097711
3126	48.81822330469227
3127	48.87693264759149
3128	48.86504858761658
3129	48.836353070021154
3130	48.857187694409845
3131	48.800181383482
3132	48.73990370250883
3133	48.629540409469186
3134	48.76314871379766
3135	48.780894194168255
3136	48.6168486775851
3137	48.82009000492178
3138	48.844372128446274
3139	48.86026919444137
3140	48.84719897461153
3141	48.874014094010974
3142	48.93156328503284
3143	48.982409978767166
3144	48.86408638936399
3145	48.857588945334356
3146	48.847431016405345
3147	48.84093086250621
3148	48.79713006524391
3149	48.810322308614616
3150	48.8939160114052
3151	48.854826705324676
3152	48.971098987840804
3153	48.79155625823923
3154	48.821648131634916
3155	48.97084818657841
3156	48.899430631209206
3157	48.86681009193177
3158	48.8787855213608
3159	48.840378059859916
3160	48.7737269897721
3161	48.78283360042612
3162	48.747946772326436
3163	48.713211532065074
3164	48.85787939212925
3165	49.05916946316199
3166	48.91952036562497
3167	48.844493493135175
3168	48.80984719759283
3169	48.80643920554006
3170	48.761061893183815
3171	48.85478698479078
3172	48.86522237758089
3173	48.895539386732594
3174	48.93809718090293
3175	48.73911376430478
3176	48.90826445130308
3177	48.883485584788566
3178	48.7918779702375
3179	48.77623779546682
3180	48.90954384536629
3181	48.824269130746096
3182	48.83275310408071
3183	48.69955707174124
3184	48.82288207026146
3185	48.61829490679004
3186	48.82272201164082
3187	48.855814482287315
3188	48.63093716787748
3189	48.71755597813017
3190	48.7208496530107
3191	48.726788384887215
3192	48.9105595937199
3193	48.800629990956224
3194	48.66311130048305
3195	48.697839044059364
3196	48.83924973038275
3197	48.6635699213916
3198	48.72557363191616
3199	48.75867226886838
3200	48.846253256006584
3201	48.81216066592924
3202	48.747650629850156
3203	48.74533610952482
3204	48.751319814052636
3205	48.82083060183976
3206	48.70712226172309
3207	48.67009509842245
3208	48.794651148576094
3209	48.84892630524589
3210	48.80282270341108
3211	48.62574512831646
3212	48.6882134506536
3213	48.589611354365296
3214	48.66299277129369
3215	48.685458583092505
3216	48.80294367012706
3217	48.68737653100755
3218	48.75527112668884
3219	48.77003819743757
3220	48.67798945161658
3221	48.78389212615985
3222	48.78167501556652
3223	48.7583373913748
3224	48.92102527298216
3225	48.80579657828798
3226	48.89958141579696
3227	48.92360966412171
3228	48.882058976132434
3229	48.934519520596524
3230	48.922196290704846
3231	48.79486273196517
3232	48.76691024576444
3233	48.86647149647783
3234	48.85611423634114
3235	48.86156949863576
3236	48.85088141332727
3237	48.803727925913066
3238	48.87427172839032
3239	48.799792408186065
3240	48.826964679585885
3241	48.73607394861275
3242	49.047336886478654
3243	48.92051279602205
3244	48.95053978555283
3245	48.97299574354837
3246	48.94504408808064
3247	48.99522795210019
3248	48.93828735027501
3249	48.963759318030725
3250	48.88968372632622
3251	48.892151457660084
3252	48.75757616997436
3253	48.93776565971119
3254	48.68383719492656
3255	48.86065932374975
3256	48.941105961608
3257	48.90438877113287
3258	48.88073709140255
3259	48.8191598669342
3260	48.873470867543396
3261	48.84560496956746
3262	48.89177857591057
3263	48.841809527875
3264	48.74292061255982
3265	48.877730300339934
3266	48.817412090435
3267	48.895987926282785
3268	48.75961795131752
3269	48.82323850328467
3270	48.84963377212931
3271	48.85362201869371
3272	48.77630975287984
3273	48.77115635021881
3274	48.85349226026268
3275	48.80145763064786
3276	48.708255031068404
3277	48.63873756807529
3278	48.573354163989315
3279	48.753604724392964
3280	48.65962346921452
3281	48.88185691554034
3282	48.6561245009363
3283	48.91763613733851
3284	48.979716108112214
3285	48.82421520424626
3286	48.799173104913095
3287	48.732429796515575
3288	48.785883460102475
3289	48.784877849252915
3290	48.893351134003595
3291	48.907392537939884
3292	48.79131675676325
3293	48.84642277555571
3294	48.851762783955586
3295	49.024124841001424
3296	48.90205903611219
3297	48.870130138636455
3298	48.81351684837432
3299	48.924597029421946
3300	48.9852045106327
3301	48.96229579810189
3302	49.02474001790263
3303	48.83365246262183
3304	48.88558369915817
3305	48.81260621274623
3306	48.85051376113536
3307	48.92406593611636
3308	48.7879962777764
3309	48.75165805789056
3310	48.62900365858
3311	48.6882807623162
3312	48.78118411298673
3313	48.801543686203644
3314	48.82559139450962
3315	48.84123289653353
3316	48.83955007090962
3317	48.80166287151081
3318	48.99218395677475
3319	48.83891902997328
3320	48.81708547941288
3321	48.931100735355656
3322	48.69402480587229
3323	48.86926503329021
3324	48.911124074005066
3325	48.85173819429053
3326	48.773021993301136
3327	48.73142954916907
3328	48.725450633417545
3329	48.909407031248605
3330	48.862414443661834
3331	48.98491465560553
3332	49.00431576162073
3333	48.77532427173656
3334	48.85043006528757
3335	49.071021792687226
3336	49.01441717232686
3337	48.91669330073127
3338	48.933337953114375
3339	48.87090754260451
3340	48.85943036092483
3341	48.820972768781346
3342	48.74649612124851
3343	48.973270445876416
3344	48.88319011748422
3345	48.85353290764669
3346	48.88692522067472
3347	48.838813100952116
3348	48.80402962121691
3349	48.7653545840691
3350	48.70646157263927
3351	48.67532093981377
3352	48.89444345164897
3353	48.90017286754681
3354	48.97015136600621
3355	48.84940549199104
3356	48.74693561511521
3357	48.674005686477706
3358	48.913966898031546
3359	48.816327350224036
3360	48.77744132334551
3361	48.668647893748116
3362	48.710026530275094
3363	48.7035962670775
3364	48.729863682933505
3365	48.768750749926
3366	48.65381503699759
3367	48.604673733126646
3368	48.67405644811491
3369	48.70676560883755
3370	48.736719057501446
3371	48.813123957983606
3372	48.747528792881134
3373	48.778946987454034
3374	48.90886312419227
3375	48.565743789522486
3376	48.731080615787135
3377	48.82520993380035
3378	48.74787150462997
3379	48.758294352148106
3380	48.85931686789969
3381	48.79399201611066
3382	48.66291565169638
3383	48.659940281715144
3384	48.6722056165459
3385	48.70377543982191
3386	48.71860296956744
3387	48.81249575057039
3388	48.73648828641328
3389	48.66541175370263
3390	48.68468487225222
3391	48.807435657947956
3392	48.811432207808316
3393	48.809947605706896
3394	48.94557309643896
3395	48.76840128030047
3396	48.67444944100433
3397	48.728480934966015
3398	48.81677205853654
3399	48.92803241069578
3400	48.94164067803529
3401	48.93392098499221
3402	48.93603762197499
3403	48.82517446015867
3404	48.64482799907573
3405	48.84228052287253
3406	48.88762877221863
3407	48.869019014163825
3408	48.82529656120451
3409	48.77790747985625
3410	49.04276172086842
3411	48.90319016183794
3412	48.86720270660042
3413	48.99235425593033
3414	49.085680445759564
3415	48.86945106368393
3416	48.895244656487904
3417	48.91371774105707
3418	48.92414253301542
3419	48.84294718541325
3420	48.84654587024552
3421	48.83745733687046
3422	48.736951159401784
3423	48.723851508117804
3424	48.8250211570308
3425	48.8194610863559
3426	48.9225677275578
3427	48.824831011939764
3428	48.89749115005156
3429	48.77468760442103
3430	48.87217759814584
3431	48.833189992778344
3432	48.72874057014812
3433	48.70262874046273
3434	48.83787345413997
3435	48.79183634232586
3436	48.93591030899746
3437	48.757422560326376
3438	48.903590429866064
3439	48.857197343340644
3440	48.929587370531706
3441	48.98530837610815
3442	48.91385377869171
3443	48.82653415724278
3444	48.778307507876434
3445	48.816722577513765
3446	48.78953102919253
3447	48.98620725087298
3448	48.822761165583955
3449	48.73183938936179
3450	48.84363604005276
3451	48.72087274577127
3452	48.776087214916245
3453	48.836813064067385
3454	48.75530430719908
3455	48.764680439967336
3456	48.86360917532932
3457	48.70815163017686
3458	48.670590102163956
3459	48.76358180045116
3460	48.854432494822476
3461	48.707094796635175
3462	48.712001574738565
3463	48.79085638278309
3464	48.71335066438152
3465	48.738945840103014
3466	48.84729131205237
3467	48.77602296293969
3468	48.70227683771869
3469	48.70876427575865
3470	48.84080432279893
3471	48.85288312309928
3472	48.92800051086509
3473	48.748500711973115
3474	48.76929171638385
3475	48.830508549418575
3476	48.808796343667325
3477	48.72648657962956
3478	48.59508396131308
3479	48.774894563855284
3480	48.67885141598385
3481	48.73306849273342
3482	48.75609366655752
3483	48.697184206247464
3484	48.79584172844525
3485	48.85108093087289
3486	48.829023225172534
3487	48.6758911574499
3488	48.764949936824486
3489	48.872892333371134
3490	48.76238261844799
3491	48.77749460550721
3492	48.819552669674245
3493	48.77333960082059
3494	48.829820036226685
3495	48.811444676395965
3496	48.87849424806716
3497	48.89265222853632
3498	48.89126220075696
3499	48.83213203641581
3500	48.81536591539708
3501	48.783494776339104
3502	48.874702568649184
3503	48.7912580775876
3504	48.903323256196956
3505	48.828220607530326
3506	48.82407965673246
3507	48.82600900462148
3508	48.77163630093285
3509	48.822006904361416
3510	48.737512071213594
3511	48.83672624715275
3512	48.784381082507196
3513	48.8782212491562
3514	48.86264461076162
3515	48.98197805315184
3516	48.82108416333888
3517	48.938589165050566
3518	49.00607455010693
3519	48.89668193109836
3520	48.85572176945231
3521	48.87946433442406
3522	48.94345028680292
3523	48.87298367438353
3524	48.670614221520445
3525	49.0332599832086
3526	48.8827144653723
3527	48.95595527741753
3528	48.839254444109045
3529	48.825109536808185
3530	48.83284588900856
3531	48.95252632030477
3532	48.6793204648332
3533	48.78938433076583
3534	48.79247523438727
3535	48.90589647701245
3536	48.891154350373625
3537	48.884854297523674
3538	48.78496218409185
3539	48.83206458991878
3540	48.830246582058976
3541	48.745819434279596
3542	48.71948673274428
3543	48.839314834145206
3544	48.8442327049021
3545	48.794871524535715
3546	48.83032278757091
3547	48.76712803179508
3548	48.741784099508024
3549	48.69485855227075
3550	48.887367398470445
3551	48.84165785776269
3552	48.850261935696615
3553	48.963824862974874
3554	48.80772485406287
3555	48.707212111580624
3556	48.80656791688356
3557	49.02862601678702
3558	48.67328730219007
3559	48.72752112309661
3560	48.793664195192136
3561	48.869043904918605
3562	48.77434514955297
3563	48.850052879546446
3564	48.982715599073515
3565	48.75208991596581
3566	48.78465576952851
3567	48.70858625850354
3568	48.70746828992178
3569	48.78296874789798
3570	48.74861169634379
3571	48.74693993288922
3572	48.756916574669845
3573	48.947077819484676
3574	48.68831634837018
3575	48.91611503218434
3576	48.87476135405494
3577	48.8442517585274
3578	48.850357442771255
3579	48.88183447268399
3580	48.91764219020233
3581	48.82255077095488
3582	48.8832061246527
3583	48.73969418562052
3584	48.85988934106592
3585	48.8478526392208
3586	48.74777795060961
3587	48.77516897583692
3588	48.751935364549794
3589	48.81513536044256
3590	48.719649801999545
3591	48.81731351763531
3592	48.81357526472402
3593	48.85252536168629
3594	48.84178299597403
3595	48.759428743197326
3596	48.83075018340346
3597	48.72156864691145
3598	48.9123418236053
3599	48.88643700733829
3600	48.866373838952825
3601	48.77820707225357
3602	48.6633682950264
3603	48.839307826933606
3604	48.87042646157493
3605	48.812301284139686
3606	48.83748941914672
3607	48.906152271556415
3608	48.93839563859318
3609	48.904184409156414
3610	48.86497636208606
3611	48.747780485757026
3612	48.89328141263313
3613	48.93364318873742
3614	48.655621815425235
3615	48.78667478736141
3616	48.83903126551667
3617	48.93367317186862
3618	48.729562801230124
3619	48.803913841390056
3620	48.741480214673054
3621	48.838583113920386
3622	48.774150598007076
3623	48.76857017242594
3624	48.72546780778869
3625	48.818117155515125
3626	48.797537759602285
3627	48.72496918445887
3628	48.783271308672134
3629	48.88421760205897
3630	48.887461791487034
3631	48.872333678192845
3632	48.80512600973441
3633	48.79715693628682
3634	48.7083895664265
3635	48.76997025610951
3636	48.78447220458167
3637	48.79629281011621
3638	48.89247875785428
3639	48.77117789235665
3640	48.650421975592494
3641	48.82315304345791
3642	48.759514900172725
3643	48.92186044435854
3644	48.76415764615068
3645	48.838548294552695
3646	48.9465017195688
3647	48.8541153949513
3648	48.92743702087972
3649	48.91171320859662
3650	48.81320840024571
3651	48.70307294114046
3652	48.66249016157334
3653	48.757913919544016
3654	48.79862352221066
3655	48.90100647627419
3656	48.81212521135726
3657	48.89206646267575
3658	48.82924860072411
3659	48.72288525217721
3660	48.750958103161324
3661	48.57028373500047
3662	48.691842618802646
3663	48.83892779484177
3664	48.62695543906284
3665	48.67773516546328
3666	48.767561362253645
3667	48.68323215234425
3668	48.70754219467895
3669	48.73391290237286
3670	48.82428785335195
3671	48.7841475373923
3672	48.725135796450445
3673	48.611539309118555
3674	48.748217979627164
3675	48.7557691735296
3676	48.68720356581981
3677	48.74278203180577
3678	48.83392919037625
3679	48.82191601482062
3680	48.78813527933063
3681	48.81117172422658
3682	48.835673329453684
3683	48.88029063282188
3684	48.72916838719789
3685	48.901248200163245
3686	48.75727595255853
3687	48.664162161735476
3688	48.7380178692242
3689	48.781541917741855
3690	48.70113029182051
3691	48.74306663116104
3692	48.68756199904194
3693	48.74153053427661
3694	48.81740864983276
3695	48.75255206654194
3696	48.59984070468093
3697	48.736930986534624
3698	48.66123286600833
3699	48.67043391914967
3700	48.766080721764105
3701	48.707660070665625
3702	48.72827762174655
3703	48.82234802978629
3704	48.938290794464024
3705	48.81766663578894
3706	48.78464208828969
3707	48.90243942122736
3708	48.80238697705729
3709	48.78875794428115
3710	48.73303032923228
3711	48.86812338263215
3712	48.77110236106332
3713	48.71680208157967
3714	48.751058269799486
3715	48.724501355440175
3716	48.72091291048861
3717	48.690916541662965
3718	48.71597926683065
3719	48.689376650758305
3720	48.72481247731784
3721	48.80824075342785
3722	48.83099761645984
3723	48.83143891990552
3724	48.80127165726855
3725	48.81369697297896
3726	48.81325418291462
3727	48.698809486990335
3728	48.57515035438921
3729	48.76623360237311
3730	48.65137096867944
3731	48.6766818603091
3732	48.67126427030482
3733	48.734448609726854
3734	48.82356530925235
3735	48.78472515454499
3736	48.75676845177544
3737	48.83913783801084
3738	48.85225861606405
3739	48.84500235798514
3740	48.677515226907886
3741	48.794699473057015
3742	48.81820299963967
3743	49.009612310138095
3744	48.942244382189784
3745	48.95935528171059
3746	48.85982669901142
3747	48.86447088330873
3748	49.074644099959215
3749	48.98412466600916
3750	48.93519046539855
3751	48.902826914808585
3752	48.918442251579386
3753	48.918739557203224
3754	48.935255186095645
3755	48.94363061185019
3756	49.109478684091165
3757	49.017909121218864
3758	48.87259902416814
3759	48.81518523427339
3760	48.957237494084254
3761	48.87850769091976
3762	48.84522241144254
3763	48.95595777118855
3764	48.836266366064926
3765	48.93181544307971
3766	48.89626074032616
3767	48.807562909681494
3768	48.82275340685104
3769	48.967618446550496
3770	49.06027988661174
3771	48.90465979466674
3772	49.02135052279996
3773	48.956795430968114
3774	48.9468442412585
3775	48.945356939721364
3776	48.704767896986716
3777	48.87288228243026
3778	48.710803366147466
3779	48.685523304743754
3780	48.71741242925107
3781	48.8067711735328
3782	48.840563550782186
3783	48.806008901967544
3784	48.783037037166956
3785	48.796773034144756
3786	48.7643176634011
3787	48.787021810963736
3788	48.82383532897612
3789	48.75960184214024
3790	48.75037037139957
3791	48.81941335817363
3792	48.87419391389148
3793	48.72829462075615
3794	48.95283953412421
3795	48.88457565164289
3796	48.8954723324036
3797	48.803954723459256
3798	48.838150858092774
3799	48.754712375562235
3800	48.81984720813088
3801	48.795691720367046
3802	48.72352356741624
3803	48.730519729753425
3804	48.650786378171674
3805	48.776613504696876
3806	48.746535175652035
3807	48.80772661272382
3808	48.88252964474628
3809	48.98047426115564
3810	48.87092915197022
3811	48.71212693257193
3812	48.84497516061738
3813	48.780599780193015
3814	48.73317221317943
3815	48.732689846392034
3816	48.770799203629565
3817	48.65734336670509
3818	48.80195987392657
3819	48.81961368801892
3820	48.81715980888095
3821	48.88121522682353
3822	48.72940991514908
3823	48.75379809894553
3824	48.88832903854788
3825	48.82119464937284
3826	48.93865992329857
3827	48.929558889056565
3828	48.94069043336639
3829	48.93471606479775
3830	48.94032299560451
3831	48.86484430523434
3832	48.742123238270416
3833	48.89424731591528
3834	48.805048253882
3835	48.88917169040624
3836	48.849457744168646
3837	48.89864767823772
3838	48.94743779417081
3839	48.97375071020519
3840	48.873198118366936
3841	48.94589558961595
3842	48.88374930458958
3843	49.012829002635875
3844	48.92556050554961
3845	48.88625516214323
3846	48.93669502069392
3847	48.94509397604557
3848	48.86932303385268
3849	49.04207404632261
3850	48.87038957892207
3851	48.73135466733834
3852	48.893404734974865
3853	48.79866888567693
3854	48.78359945112748
3855	48.86360796821657
3856	48.732766079464255
3857	48.74588636692359
3858	48.81005317303928
3859	48.87613451294935
3860	48.80807331857981
3861	48.89382120347389
3862	48.86413149249856
3863	48.70966296415862
3864	48.81723136113867
3865	48.84507018416207
3866	48.79308834805596
3867	48.79901251175948
3868	48.81151909129936
3869	48.76848957648234
3870	48.76004497653789
3871	48.898418395521304
3872	48.72295562040889
3873	48.76665593005023
3874	48.743373729604194
3875	48.855055640059895
3876	48.82738073311822
3877	48.754065492288845
3878	48.72085423072644
3879	48.87152745675841
3880	48.79876055055138
3881	48.78315076114308
3882	48.72741354721228
3883	48.71870901291327
3884	48.847364202350334
3885	48.727584142771846
3886	48.95046232432228
3887	48.92917727325349
3888	48.80381932447362
3889	48.80919838815448
3890	48.875603469061765
3891	48.76787504072013
3892	48.91411847704887
3893	48.79246551817728
3894	48.842328771876396
3895	48.891337845511636
3896	48.87592617462051
3897	48.75156771977334
3898	48.84987682871294
3899	48.85965069630704
3900	48.95010416203951
3901	48.76184761262038
3902	48.86552849018923
3903	48.865930456786366
3904	49.021590642172306
3905	48.8415669250068
3906	48.75340821826057
3907	48.85630048350884
3908	48.87300705217566
3909	48.73248374910446
3910	48.78412664918209
3911	48.74838074072695
3912	48.74368709905775
3913	48.69999881784453
3914	48.76869666828732
3915	48.82508142420751
3916	48.78136017801859
3917	48.687592832375195
3918	48.7159816100949
3919	48.65232415194232
3920	48.732230936551716
3921	48.735315723083886
3922	48.814568950056945
3923	48.79007784715004
3924	48.71917688595134
3925	48.76587680742996
3926	48.71224475919487
3927	48.777183988466774
3928	48.84828635439905
3929	48.7993502077705
3930	48.753171793331106
3931	48.82484868124227
3932	48.747251052415265
3933	48.67928831420358
3934	48.78162714310616
3935	48.75098605445422
3936	48.77707836943641
3937	48.94854059362921
3938	48.824262228307454
3939	48.8060528671063
3940	48.833029651850254
3941	48.89853207335652
3942	48.93292807377697
3943	49.002567867874916
3944	48.885922487209726
3945	48.871584871123034
3946	48.67497492442211
3947	48.6511765473055
3948	48.64956661338294
3949	48.700424421028785
3950	48.698024564859324
3951	48.848064539130434
3952	48.82494572514933
3953	48.85058214739138
3954	48.808477342066084
3955	48.85303576392826
3956	48.944108998736134
3957	48.88306956467672
3958	48.88443013630478
3959	48.86314398429833
3960	48.834966291388284
3961	48.85819556548357
3962	48.83916722852922
3963	48.863358724044026
3964	48.75502243254228
3965	48.662728435480254
3966	48.771166574347845
3967	48.69540537452841
3968	48.871215779806136
3969	48.755815808468135
3970	48.76181482159566
3971	48.72964172687992
3972	48.61064369398265
3973	48.914694999340746
3974	48.912104627300934
3975	48.91446819333585
3976	48.90363087257764
3977	48.84348030088433
3978	48.839779953084765
3979	48.83532850647845
3980	48.890441536772826
3981	48.87590728973556
3982	48.820608631805335
3983	48.733335609603884
3984	48.763561775296196
3985	48.89831560964958
3986	48.869444894455036
3987	48.713017727831094
3988	48.93136512472477
3989	48.68993573352509
3990	48.69588651879234
3991	48.687169308176486
3992	48.844457503178745
3993	48.763017658452476
3994	48.868910055747094
3995	48.74419939452744
3996	48.85909952741673
3997	48.616036778294884
3998	48.68769644836735
3999	48.65980536512056
4000	48.63772118286266
4001	48.83081163357046
4002	48.61525722854023
4003	48.697078478961835
4004	48.9312329369599
4005	48.74603505234808
4006	48.6945533130539
4007	48.77360910377324
4008	48.651877669333466
4009	48.69565147648152
4010	48.80086706443268
4011	48.72705545378015
4012	48.82320077180634
4013	48.831953272398195
4014	48.76912706699015
4015	48.8308664153446
4016	48.90422567586204
4017	48.95895684971636
4018	48.8473159959223
4019	48.78804638187595
4020	48.78751873407307
4021	48.75553074400499
4022	48.672951323321804
4023	48.795300529097005
4024	48.948274287880366
4025	48.851238194594245
4026	48.677833303512855
4027	48.851751844460395
4028	48.866318875353
4029	48.82900668259506
4030	48.970170431241556
4031	48.7750240101317
4032	48.86358735162612
4033	48.83712292365125
4034	48.81242271486375
4035	48.9809654659183
4036	48.96906173898791
4037	48.82345256916173
4038	48.8561122488227
4039	48.94538809768691
4040	48.89046394460259
4041	48.8064319672947
4042	48.918447987977906
4043	48.956957252879796
4044	48.844095174063185
4045	48.97933456976549
4046	48.70555640102336
4047	48.89665418560621
4048	48.860277908188145
4049	48.947089841356046
4050	48.850531665482826
4051	48.91054384696008
4052	48.81407157153432
4053	48.76580675899183
4054	48.86925496632588
4055	48.90802298591919
4056	48.71350509273167
4057	48.82098170301727
4058	48.74886116354621
4059	48.57799843057868
4060	48.784627028666094
4061	48.73610130912752
4062	48.84607860645457
4063	48.72923253590838
4064	48.77843560555452
4065	48.758891015557424
4066	48.77790282537575
4067	48.79691281967743
4068	48.940180513741154
4069	48.936488870544025
4070	48.7632720838116
4071	48.866739473031195
4072	48.853090512918556
4073	48.88236038176797
4074	48.87433925856266
4075	48.82026566444786
4076	48.85554651005322
4077	48.72446157992775
4078	48.877359222202486
4079	48.81663080562028
4080	48.76988402432125
4081	48.86581641858619
4082	48.747812547931666
4083	48.73937864581045
4084	48.763632622796806
4085	48.59992828490033
4086	48.69834888225603
4087	48.86768839899611
4088	48.79920161073055
4089	48.68662617030673
4090	48.69675386905005
4091	48.7233445538617
4092	48.730389181297525
4093	48.779830638770456
4094	48.82240429519257
4095	48.61621758611817
4096	48.72022918348466
4097	48.99027657202404
4098	48.776992946726914
4099	48.76036858778881
4100	48.80726185518284
