1	108.41150872111197
2	107.22364229522724
3	107.1190780922959
4	108.34829202501102
5	109.56137237442121
6	112.68226229873062
7	117.14483696069476
8	125.02062779316694
9	135.24387519989787
10	147.07443110234706
11	155.55649685396648
12	163.2112956813827
13	168.94896754988844
14	176.16778157267748
15	180.7874221397634
16	183.7911025445522
17	183.3173711540802
18	180.91759571955447
19	182.78172008227924
20	181.04853615540523
21	181.35875378492491
22	178.29106297006336
23	179.32015773272337
24	174.62200235860604
25	171.5686375999964
26	167.80710405545597
27	166.94651017028656
28	166.47456190172738
29	164.84924168962328
30	162.85134912212246
31	161.68769565404563
32	159.92981327084073
33	157.3227418580529
34	156.52323738913452
35	155.80600749487465
36	155.10613679082266
37	153.99644505644585
38	154.044747514192
39	152.41174196279837
40	152.63167535753777
41	150.80513355353145
42	149.9554742778934
43	150.0279826066697
44	149.48972478904685
45	149.70821656955667
46	148.7263214159122
47	148.0952394077233
48	148.185387017213
49	145.19207099917938
50	145.2508313077682
51	144.1294756484409
52	142.7328742858503
53	142.57372125985285
54	141.89879181012526
55	140.9925560484512
56	140.68748674125013
57	139.78842613472747
58	137.09038864136045
59	136.08693126856872
60	135.4382517108315
61	136.21020478326125
62	136.4047942563075
63	135.08055136892102
64	134.40812206798182
65	133.6225797739131
66	133.65027370949645
67	132.81249464448277
68	132.5389569507813
69	131.83484149854283
70	132.43137675860908
71	130.71457811374736
72	131.3430859482214
73	131.4894866303084
74	130.1914389112514
75	130.49195359069483
76	131.47056985527468
77	130.5888151129911
78	129.81592901614707
79	130.43822922297002
80	129.36266839979731
81	128.3859172715455
82	127.98249368648958
83	127.93460664473554
84	127.89486911193859
85	128.05808358837416
86	128.47036470768137
87	128.45860705604485
88	128.27103417879135
89	128.05526309093992
90	128.06840040081025
91	127.99804324799767
92	127.81823779595031
93	127.25314203659788
94	126.05186117766735
95	126.27240869183423
96	125.39699088758915
97	125.60237666117715
98	124.90528685015174
99	124.95013228752487
100	125.39190491665573
101	140.5942639618374
102	148.50717153412594
103	151.3688394471242
104	152.9534886848712
105	154.22650573155147
106	154.27490834019397
107	156.86356026356412
108	155.95871158634876
109	157.5338443144105
110	158.84046119017356
111	159.84072625229555
112	159.71246415171373
113	157.00821613928568
114	155.74897173807898
115	156.56995946318426
116	155.51414196080026
117	155.6754961192015
118	154.2679909935258
119	154.23796510332787
120	153.69846144657797
121	151.31912645724015
122	154.45134112116523
123	155.89153056854903
124	156.8088956260748
125	156.81589720509223
126	153.21461034454995
127	153.74779171003988
128	155.97649004566853
129	155.06306646656688
130	154.95619022476833
131	153.91717976559306
132	156.07745906878105
133	155.69983235914782
134	158.16216504557192
135	159.16414699062875
136	159.88988775288163
137	159.46157905922493
138	156.95106610598168
139	157.0465205451258
140	156.0821915751894
141	156.363824434305
142	155.4061708632525
143	153.66955152184084
144	154.83030063393167
145	152.93400169720252
146	153.95673495871137
147	153.54377331949803
148	155.43973393070831
149	156.6113592872301
150	157.7652149741806
151	157.99479390013354
152	160.192985001742
153	160.14406887049356
154	158.41204509966605
155	156.95711376547547
156	158.59096678503687
157	159.72822133127852
158	162.3144262411176
159	163.03317607731464
160	160.8212492762242
161	158.12585094370485
162	159.01733855333944
163	162.29739066803603
164	162.37869364401493
165	159.6361067892711
166	158.6062307581206
167	160.42996363270487
168	154.020113459346
169	157.26785071585442
170	157.5557663051491
171	157.366839033783
172	159.68200582316214
173	158.2453946946028
174	159.6589545824315
175	160.0305344694209
176	160.24799691981082
177	158.93575383263365
178	158.89635323672104
179	161.4117712608605
180	161.08677073269672
181	160.65406419249322
182	155.93120771403127
183	158.18594670889672
184	154.32786638773723
185	156.25585720120245
186	156.329411894863
187	153.6340633154751
188	154.82331291159426
189	157.29720462437436
190	155.2485840707473
191	151.84765327410517
192	155.38971563299944
193	154.30547927208687
194	153.99938155161618
195	154.04844959854842
196	156.7184229858279
197	155.3974458661533
198	152.73452973488534
199	155.43694305145993
200	156.2770228527716
201	155.694161798332
202	155.51077827551637
203	155.39144696329885
204	154.64598713784008
205	154.51712578060886
206	153.7007107355571
207	151.37977831722972
208	156.62018630629302
209	158.60048644076093
210	158.51040540680654
211	158.9152914598729
212	158.1215096274833
213	160.02046809881963
214	158.23229573282984
215	157.94005144699864
216	157.7263001143914
217	158.30123213686792
218	157.44247176308494
219	156.92807319596116
220	158.10032921131923
221	155.9145681755908
222	156.75378632450906
223	156.25704725794645
224	156.13578579602057
225	157.23142832003404
226	159.53519635950855
227	158.6918794930916
228	157.20212924341948
229	154.53809614865122
230	156.84956139843746
231	154.60902260535056
232	157.5280480351528
233	157.72888485733813
234	158.86768587157064
235	159.30354695015703
236	157.40633466795725
237	156.64880852175483
238	160.51344348883418
239	160.08917342484264
240	161.63231606482285
241	157.69832053938623
242	159.9381195969079
243	160.16037554842683
244	160.10370542471665
245	160.49874647002005
246	159.9262826367069
247	159.0188319032934
248	162.45744472479612
249	162.52523527884253
250	161.78068962437382
251	162.60665164763213
252	160.62023222195407
253	156.36561380898252
254	156.8778345998839
255	157.8856112704925
256	156.926600784233
257	158.2151995270611
258	157.00577128765818
259	156.64014826227915
260	156.30290652939564
261	158.2537896023252
262	156.68135983439245
263	156.00335257632065
264	157.06225413069518
265	155.59966983723422
266	155.51965159268153
267	156.31116428190978
268	155.83694780993247
269	159.73585459498182
270	158.6953863707424
271	161.35135913061873
272	163.42475918390994
273	163.66521364310003
274	165.4309840675611
275	162.51933765791586
276	160.4643872242229
277	163.81102631634363
278	162.81680421036373
279	159.46103251377696
280	158.74216609753262
281	159.60133718248983
282	161.17851636839504
283	161.6040267726954
284	161.14859259388544
285	162.86630633741993
286	161.29137231032047
287	161.36627919729864
288	160.09982397284125
289	162.93153582749008
290	160.8119505383931
291	158.72658478556238
292	160.2797420335444
293	162.4182319441087
294	161.45534178524565
295	161.63129698692856
296	161.35020266628814
297	162.55113447863178
298	160.49506199493982
299	159.51361194138133
300	160.04682484192475
301	159.2498735113779
302	159.16826846321706
303	160.56733112805023
304	159.60601255707405
305	161.32793422667154
306	160.3331874085105
307	161.39768176315897
308	163.95018081846797
309	161.32877081324185
310	160.2591642657145
311	158.7919246686606
312	160.79938722191383
313	159.21946629551476
314	159.0430892646654
315	159.98269446343068
316	160.00332655487634
317	162.49702286612163
318	159.1221062245431
319	161.22732244599027
320	156.8676575339569
321	154.611376023089
322	156.26279266861582
323	155.62306448277147
324	154.14774284578985
325	157.60869182886802
326	156.28210711806025
327	156.96744794069974
328	159.4522852049892
329	159.62394705504104
330	159.95642710251508
331	158.17482242338832
332	158.90127870819714
333	159.45280705900834
334	160.36816511677424
335	160.41794009838756
336	157.7431115277546
337	157.42770325056713
338	156.25657189051321
339	157.8461058881825
340	157.8496241099039
341	159.1541744027586
342	159.75541577950173
343	161.1849280701701
344	160.33860519039806
345	159.81631281365105
346	162.99645792250342
347	162.49069986212436
348	160.76066888418853
349	161.58245427336402
350	162.74586133648603
351	164.54245052946803
352	162.16228531464338
353	162.0900157654262
354	161.5515623477436
355	162.9806473591686
356	159.98853390299544
357	162.59314805767784
358	160.43012150057598
359	156.05946776188642
360	159.50047031780966
361	160.04864272715318
362	155.3463951921153
363	156.08093657225388
364	156.99368843540904
365	156.63889493973468
366	156.0059297093462
367	154.91267628271825
368	155.1580341231419
369	154.6590008620145
370	157.3046660270578
371	155.41964711630686
372	157.5544614254843
373	162.22263610255078
374	163.04706943455545
375	163.89309320587955
376	162.38275681216075
377	161.40737751513308
378	160.74624530443964
379	160.63453395542922
380	158.6744649519426
381	154.35440346283715
382	156.47788624865305
383	156.3579546513632
384	156.11366730124263
385	155.40737092201982
386	159.0393993729857
387	159.10163341254017
388	159.11093572436104
389	158.50738624590633
390	158.19942311541323
391	158.33997365608914
392	156.03074989790687
393	154.89906660706293
394	156.8619925854376
395	156.22022304627237
396	155.53969658316447
397	157.80097584507774
398	158.40735359011467
399	160.28904611073332
400	160.60598112841433
401	160.26153596384842
402	158.7499257095035
403	156.80225371763993
404	158.68185066483312
405	158.2391984421042
406	161.66402533720768
407	161.7849657992243
408	158.79608662827238
409	156.4871784446403
410	158.99827358177907
411	158.80999220247986
412	157.6204787264325
413	159.78556959948358
414	160.05633420002738
415	158.19430840168746
416	156.56782846297097
417	160.3571002769169
418	157.0187955520139
419	156.9982752167593
420	155.82183055325387
421	157.07679609551303
422	157.86923548220508
423	159.64858454113826
424	155.3045245968707
425	157.7275117639047
426	158.7943582900311
427	160.2635714448048
428	162.86796298420714
429	161.47832169913093
430	160.70054834723288
431	161.7365536123929
432	161.40064047676893
433	161.77197709400963
434	159.63139762863943
435	160.43234186547133
436	162.54022383686865
437	161.93280656443426
438	164.3072158330426
439	166.95567567276814
440	165.2512785953983
441	166.2309493113216
442	164.21966724076125
443	162.28312615864587
444	162.89396949227125
445	161.5143029487302
446	159.73459095782064
447	162.91639026522412
448	163.68015039114727
449	163.72258568915183
450	164.82701992131047
451	164.88213211502847
452	161.6853125688059
453	159.86426391716793
454	161.15855868265942
455	163.25839079136722
456	161.53969513943554
457	161.5796085565457
458	161.84289676476334
459	159.10923448921946
460	160.60220026890585
461	160.18714681359148
462	159.3263003503309
463	161.24964021542405
464	165.23431656256474
465	163.87487702395214
466	163.31051374476226
467	161.35590977398647
468	159.18601800514963
469	156.89340541235677
470	158.628420061672
471	158.3738459854199
472	158.76588255356558
473	156.5955479267002
474	157.17194342283952
475	159.1017704348823
476	158.96590777106027
477	158.36958249411333
478	160.5426090733217
479	160.94320040541368
480	158.6267594999761
481	158.52961442251893
482	160.36138805796338
483	160.3111479421681
484	163.0729538671747
485	159.20421735533378
486	161.55763229214338
487	160.54369022122074
488	160.17707173872648
489	158.3475272296016
490	159.80805839205425
491	160.97295274994536
492	160.73662340273512
493	158.66941134314172
494	162.7625993074477
495	159.1308293383468
496	160.90751157770808
497	161.37784844248444
498	159.1263956530254
499	158.5211712314289
500	157.12526043272663
501	158.21977833748497
502	157.37080630982058
503	157.44784724365866
504	155.83789256170894
505	154.4245074713388
506	151.6911837818968
507	151.57155108706132
508	155.25792272808675
509	158.08573747328435
510	156.19540209604875
511	155.95378957607895
512	159.1236091598954
513	160.04213676113764
514	158.71044150076523
515	159.9292896146263
516	161.41349663588147
517	163.673967996355
518	161.74721485146122
519	163.3659735635813
520	165.4508070633181
521	163.6054015316828
522	163.1861564243176
523	162.85360233809038
524	163.35731198832096
525	162.2750927574209
526	161.35394112972799
527	161.3666875194608
528	162.83751678867932
529	163.96562816092145
530	159.31025372444788
531	157.15929342423107
532	153.02805110874797
533	154.9630166339936
534	155.79554416676189
535	156.4294330788675
536	160.5072582853193
537	159.57639970474904
538	161.06457948713984
539	160.883883150489
540	158.72104795891474
541	160.3557201178998
542	162.1236867333862
543	158.35339150736553
544	158.86405415352564
545	157.7846921477958
546	158.25625549105393
547	159.4970122276952
548	157.39398019041838
549	156.85447469981017
550	153.84465634877049
551	154.31819094931447
552	153.80641905617549
553	154.58037047137074
554	154.653771443298
555	155.37541358641442
556	155.91221700833145
557	158.59562905121632
558	153.88971484822088
559	151.64095003594218
560	154.0570727925568
561	157.20141361065683
562	159.2092174294739
563	159.4997227323419
564	159.25172238062706
565	159.2157730456243
566	158.50235624964589
567	161.1582285907066
568	161.29954726471783
569	158.5794010206304
570	161.4614269479447
571	159.09227191256315
572	160.21330763304493
573	160.34054773114002
574	157.18361355032678
575	156.9496953160737
576	157.00249433651624
577	155.27576702040366
578	159.83479439522432
579	159.55983124750801
580	159.92468540724454
581	158.81757237183243
582	160.12582648771888
583	157.71173570038502
584	152.80594990172082
585	153.69412622467706
586	152.09309787647933
587	151.21313041035356
588	150.37474654448204
589	153.762228050067
590	154.3754536235497
591	153.38414667742458
592	155.07948186125486
593	152.05863956009563
594	154.3706683261172
595	153.79745863819747
596	154.57738153694808
597	153.60134393519095
598	155.47024860161514
599	157.56150738943793
600	157.90403772404414
601	159.51842924044345
602	161.3033184121391
603	161.84452428095557
604	161.9554118314812
605	163.1436212101242
606	158.90664816139895
607	157.02420075592707
608	158.67072134638465
609	160.67687651560485
610	157.77062417282784
611	158.15167708321292
612	159.6273233816407
613	159.12602133166047
614	155.76766656325051
615	157.5144991281385
616	158.65635513689705
617	160.1152652153083
618	160.29050376507493
619	159.42770088997568
620	161.56981999619245
621	158.94801893055694
622	159.46345742933994
623	157.55099177706506
624	159.99175433720382
625	158.41382273270406
626	156.41730388989237
627	158.32967001736415
628	157.4061741180489
629	158.6119905579638
630	158.20369582648053
631	159.79893878527412
632	160.54158555987092
633	159.23753881849976
634	158.55182599346816
635	158.31880821205746
636	155.39234220965068
637	156.60361176708858
638	157.12484473702133
639	157.06259080517452
640	155.27914461077427
641	155.4468981169958
642	158.86778037012763
643	156.91493230005946
644	157.86803170679775
645	157.2614506357263
646	156.50260474999135
647	158.4183379142638
648	156.20095212225627
649	153.12981218209006
650	154.92940341068942
651	156.97110327849103
652	154.98643329098445
653	156.60837017256475
654	155.18569626450258
655	154.0618882433386
656	155.99127201163
657	155.03977603424744
658	154.35222818171212
659	154.32456185970952
660	150.54387000376394
661	149.9429193304126
662	151.07755496966053
663	154.01811877388684
664	151.21000150839555
665	153.7028896725536
666	153.3381472504683
667	154.6909074454184
668	154.6535206202763
669	152.90694112064998
670	154.9471458808582
671	153.90259607418685
672	154.28337963036228
673	155.6634417759575
674	153.65868354908605
675	155.7451433893071
676	153.8755499506629
677	157.0880434076367
678	154.84995265341382
679	155.3783589377273
680	155.16522480793597
681	155.1719263144556
682	157.83250346144374
683	159.04709303402615
684	159.8068697340076
685	162.9191107312078
686	157.69156946049384
687	161.11677412529625
688	162.0267792088382
689	159.1396478967349
690	156.7406743429057
691	157.7053611408108
692	155.88940540362034
693	156.1658944817605
694	155.7702019140687
695	155.970689780947
696	156.08780527403476
697	158.1355284837782
698	154.00692346640264
699	153.84402127703362
700	155.21217600178426
701	157.24970735474298
702	152.99405650519083
703	153.28293262537676
704	154.23737248894412
705	156.0797388690254
706	153.97354458405212
707	157.13133622734728
708	156.98486290928543
709	156.78832327587796
710	155.4499024159692
711	156.5973735335993
712	155.8768991896131
713	154.81497050856382
714	157.94704483828318
715	156.08221784041214
716	155.30722455412686
717	153.83726151551082
718	155.10086011372374
719	153.75347616255576
720	155.3491521081623
721	158.5015718819505
722	155.80858879719545
723	155.78322578291724
724	158.82974043953743
725	160.5400501001817
726	159.2017006902009
727	155.604343486107
728	155.53823231642582
729	155.65199599976407
730	154.28616903057923
731	154.76419919642328
732	151.7246377185521
733	149.61933134655808
734	150.4812965896685
735	153.71284880286072
736	157.8588603106387
737	158.17705339438285
738	160.6393023917656
739	162.30074773268515
740	160.21945423695402
741	156.23402839632843
742	156.1474905082971
743	155.73453504425854
744	157.24732050938437
745	156.38722539406584
746	154.31651470532225
747	159.3416816033249
748	158.71801854674118
749	156.33976768448633
750	156.76997433155805
751	157.0316049969172
752	158.42540104778996
753	160.41492818691992
754	159.73393272364405
755	162.4984546708373
756	164.8146133912352
757	164.70517228796774
758	161.9263923660162
759	160.5332263106803
760	160.04640260128755
761	158.07583795445217
762	154.71655478655592
763	156.57583745394487
764	158.96081223482872
765	157.83683369366418
766	157.55661677105655
767	157.487037232692
768	155.61495198513714
769	155.48876222086648
770	154.12206331299515
771	153.79607686110262
772	151.06508518151057
773	152.3684447265126
774	153.1435364288404
775	152.78769885382437
776	154.02454001368332
777	154.35710571331802
778	153.53819537806362
779	152.24952878916574
780	152.80997486628343
781	150.47960124439993
782	151.37336277212935
783	152.75384840359513
784	153.73176599766526
785	155.61757297987765
786	154.6670146922952
787	156.4243039095383
788	156.3549975929148
789	157.83584868094277
790	156.3777012142067
791	155.2469074518473
792	157.6548094791873
793	157.27827887568318
794	154.83083751931017
795	153.67159799616653
796	154.78309848522974
797	154.24430631562063
798	157.02219782917817
799	156.4552844695934
800	155.11500751675422
801	156.235930990265
802	154.70947636263674
803	154.85340958018114
804	156.2028451647833
805	156.10987630993634
806	156.20117657088056
807	158.01924797823702
808	157.8733468441083
809	157.06532469782607
810	159.58692380509157
811	160.50560954817544
812	158.4526457100559
813	159.50078886793855
814	160.02138541739228
815	156.7975213065029
816	156.47657182684677
817	156.9326057618403
818	155.867533208759
819	158.0783875456119
820	152.4924060303377
821	153.2339107019683
822	154.60565320889202
823	156.68088748322188
824	154.9303074478216
825	154.5544661222525
826	155.97739915539466
827	154.191554112384
828	157.02403231182802
829	156.20843625427935
830	155.98765437891706
831	158.21246230967256
832	155.34344495617586
833	158.39601973696483
834	157.42798079508563
835	157.15529328705605
836	157.11490650322742
837	155.40281815588767
838	153.67087867817676
839	154.39197725245265
840	158.14320700943745
841	160.78976523369607
842	162.05571968294913
843	163.36933288695175
844	165.6931690623549
845	167.14764007488964
846	164.886216387737
847	165.39088848202516
848	164.67518375574898
849	165.37951269268808
850	161.08640921538154
851	162.40863463599015
852	161.0718486555174
853	162.9826643233566
854	164.3829972768864
855	162.2956860901342
856	160.70641878111698
857	163.5209466586771
858	159.97860780995285
859	160.123860280885
860	155.30036433104442
861	155.5449290948767
862	157.17136269944137
863	155.07264970068871
864	155.17699187088903
865	157.002765068311
866	157.85952150855027
867	156.57891562739317
868	159.42869713965376
869	159.0377448829554
870	158.6563256159498
871	157.65437561741848
872	156.2658925167182
873	156.71435723195128
874	160.1548122670462
875	159.81339958498978
876	160.088817386446
877	159.14295876318914
878	158.73640966517425
879	157.94007990141833
880	153.66077310698523
881	154.32109081002224
882	153.05051694899535
883	154.31947215464578
884	157.63940133475313
885	155.68617469727513
886	155.08572444533357
887	154.81533651396754
888	154.22568970417967
889	154.48789486729632
890	155.06252189402608
891	157.4110299296856
892	159.58706577282913
893	160.01749779755596
894	159.55848598176016
895	159.27031404160496
896	159.85012568858136
897	162.24744319609667
898	162.53161522772805
899	162.4348288053038
900	162.97242711758636
901	161.5876509277635
902	164.55732641308794
903	164.78983657412527
904	164.37933808444038
905	162.30650557559002
906	163.78464633818604
907	162.66290058178893
908	162.32240827061628
909	161.7765644686221
910	163.58680864916778
911	165.720744440221
912	165.91923968724146
913	166.78193396660706
914	165.46468551897902
915	165.7313498344123
916	165.90999352568508
917	162.92287123803033
918	162.31404595520874
919	161.7870627425085
920	162.67065274863103
921	164.4224119287763
922	161.5297151260076
923	159.375351956395
924	161.3573278749742
925	158.75151928721314
926	158.75664992218844
927	157.57802428234953
928	158.33630510947145
929	158.61229071904117
930	157.5824927800841
931	158.2755140327925
932	160.818204418649
933	157.57493823119086
934	155.4815873296061
935	153.92264321988029
936	152.7276797821322
937	154.18043364085102
938	153.40210105120602
939	156.26007796530638
940	160.04412577610879
941	161.6044167835701
942	159.46867419438257
943	160.15667527209206
944	161.9507015116204
945	165.63155474440455
946	167.00131493630298
947	163.72253372982843
948	160.9945879156381
949	160.38621888043224
950	158.89995872765363
951	157.22636002131247
952	159.45034520312066
953	163.8994895147773
954	165.18085422350606
955	163.29216137579616
956	163.48867998909643
957	163.9836565801496
958	163.6361960465116
959	162.34363512959203
960	161.5301406805679
961	160.41731331068715
962	161.69306879732812
963	162.125663054512
964	162.170975413845
965	160.6877564282682
966	159.29454515269046
967	156.4110567688061
968	154.21323033827562
969	153.03839456862218
970	154.24181024985052
971	153.94274479990742
972	154.08614288765722
973	157.62024099121876
974	158.27473036032532
975	158.2934704361235
976	156.71000113619678
977	155.849217144116
978	157.48924622055887
979	155.89831583775424
980	157.6938206250469
981	160.27763328013344
982	162.03763779858537
983	162.05633065188312
984	160.99422276099108
985	161.53170973524976
986	159.19740530129332
987	162.32656784069937
988	159.26567714869424
989	159.98543340910837
990	161.21227259919095
991	163.3729306634227
992	162.13250774103972
993	158.78014205061717
994	161.0295027201345
995	159.24251002829314
996	158.0396000676608
997	154.61786684496658
998	155.33654142859265
999	156.20507208491136
1000	158.61891950670994
1001	159.52332334835802
1002	158.16296053692602
1003	156.46484054241915
1004	156.3978263686636
1005	158.14730345276647
1006	155.2815422661665
1007	158.21936468317733
1008	158.5455131022145
1009	158.96537717724593
1010	160.45413003346258
1011	162.86130029410202
1012	164.25306459713784
1013	165.06450388972138
1014	162.70028764845725
1015	157.4487102756963
1016	157.41949607361673
1017	158.41580524702894
1018	157.57886945216075
1019	157.1334772615133
1020	159.0935474978718
1021	152.34664942650653
1022	151.2366869246753
1023	151.56159674610942
1024	154.10174248104883
1025	155.73789944639978
1026	154.56991814694257
1027	152.42511856428942
1028	151.98658187020163
1029	152.78236519408114
1030	150.9585844692318
1031	153.16053340077318
1032	154.27851374667082
1033	155.34018194205208
1034	155.02644186634907
1035	155.68713692194817
1036	154.32418424347756
1037	156.5225286883056
1038	156.31038618929742
1039	155.89589456106995
1040	156.75955058411475
1041	157.35986120995355
1042	157.11752345431168
1043	158.33543579411327
1044	156.92751574726842
1045	156.52454937016248
1046	156.81736142857284
1047	154.25228613995316
1048	155.25229487232892
1049	155.72798187994704
1050	157.16382664826142
1051	159.04399072378877
1052	158.20336129690878
1053	158.20370463991856
1054	157.44687817021128
1055	158.33114646553784
1056	158.5255434353714
1057	155.10713329712684
1058	157.6030265543629
1059	160.88457432253622
1060	159.77774320385728
1061	159.03217524821073
1062	158.64184406082862
1063	158.87884718083168
1064	157.3611279097251
1065	156.52041293162125
1066	157.25084361624457
1067	158.14039282767044
1068	157.5571812832709
1069	160.45798642054277
1070	159.40001665940005
1071	159.81716423588483
1072	157.47387919914934
1073	158.78190806406704
1074	155.07694447521868
1075	157.60864744908068
1076	159.18006080416362
1077	158.163363535182
1078	156.61536806017548
1079	153.5586373775354
1080	155.55362489082927
1081	155.08768475147826
1082	156.3780890569941
1083	155.9117859393183
1084	158.81903003235507
1085	157.7714893523468
1086	156.4540941775002
1087	153.74732935677173
1088	153.8882087282051
1089	153.58906784853573
1090	155.3177910824641
1091	155.0354439403591
1092	157.34408432966796
1093	155.31688786930656
1094	154.87857668419414
1095	154.647047627664
1096	155.10371411251572
1097	156.3984312793213
1098	154.1304931387002
1099	151.92472888027743
1100	152.5882406003814
1101	152.63765059111196
1102	152.8577820518168
1103	149.7936759636932
1104	151.77635877987453
1105	153.3448850278333
1106	152.70570805422324
1107	151.47588918707427
1108	153.8153482383017
1109	154.40408125458254
1110	152.98571110186097
1111	156.1457545482872
1112	155.0316407531973
1113	156.0429972875834
1114	157.75645239920138
1115	157.60744670847396
1116	159.53079263184068
1117	158.1776094907234
1118	158.52698469879633
1119	162.73512277975578
1120	160.81082924129979
1121	160.64069557266725
1122	162.44300419279602
1123	161.0607779577117
1124	159.39271258436762
1125	159.75178922262748
1126	160.34119487461606
1127	157.52486597549978
1128	156.8854623975428
1129	156.58849454336712
1130	157.5825244861085
1131	155.73072243391567
1132	156.9537097754723
1133	156.00075519875114
1134	158.7129216303498
1135	158.74571071579481
1136	157.66508526344785
1137	157.2419955018854
1138	155.4620620425654
1139	154.85699125618456
1140	157.1659812877894
1141	157.37365220018887
1142	156.70285538788363
1143	156.83446731861667
1144	158.9770455048612
1145	160.08049481699524
1146	160.4400074918036
1147	160.64507696856086
1148	161.42447241798968
1149	159.2147616754974
1150	159.42765460320118
1151	158.41483382679604
1152	158.03823382145524
1153	158.494708872286
1154	158.14680720787644
1155	158.05355189053193
1156	158.83567304796813
1157	157.26919955095894
1158	153.7720724192487
1159	155.91372851662283
1160	157.2322939784875
1161	158.91623085941964
1162	157.2984695840137
1163	155.59568545084645
1164	156.9077256322162
1165	155.19434595547352
1166	153.63093359263107
1167	157.40219657168072
1168	157.85989589892085
1169	157.02346935486466
1170	156.74301642378498
1171	158.04387670342118
1172	158.55477101622267
1173	159.62198163767513
1174	160.96586755140933
1175	160.68670920443236
1176	160.07613462248483
1177	157.35323762568152
1178	159.33851696249639
1179	157.08968343022002
1180	155.2826448744835
1181	153.6189309234108
1182	152.5379458617657
1183	153.75059675289822
1184	155.16656566490803
1185	156.47234346363678
1186	156.40637207764254
1187	158.3417945344029
1188	158.64441791803932
1189	156.3562749137169
1190	155.61488208170474
1191	155.4695106458335
1192	156.57458302984756
1193	161.01583076281113
1194	155.99437074066694
1195	156.3135653418599
1196	156.8613931346376
1197	155.72884775726862
1198	156.5364064291627
1199	158.30337302013928
1200	158.00008686480098
1201	158.70881538893252
1202	158.01478224802526
1203	157.9022968979507
1204	163.21363887278133
1205	164.31179312529156
1206	164.85497457880575
1207	163.49204727411816
1208	164.1263041964588
1209	161.77307737923235
1210	161.96186060438734
1211	158.79902234732236
1212	158.59750099741544
1213	157.19220015316546
1214	159.51790080389554
1215	155.92985201933445
1216	159.72677862949953
1217	156.65318235819433
1218	156.96362478142365
1219	158.5099845221199
1220	157.53825319397538
1221	157.2536262897358
1222	160.4865214358008
1223	159.1344283430538
1224	159.85086021095853
1225	161.68997854080754
1226	159.1436201923236
1227	157.58661760109484
1228	156.27464043318346
1229	157.5055181978286
1230	155.87216712711904
1231	154.70662864252654
1232	157.24747182150466
1233	156.6969582721577
1234	157.33280423931723
1235	157.06546754257803
1236	157.78005342823622
1237	155.61708717114084
1238	156.39716225491168
1239	157.8009855025731
1240	155.621613295084
1241	156.77723773005113
1242	157.02932134716647
1243	157.06509801314027
1244	158.610849032294
1245	157.5541759955278
1246	157.6264171649997
1247	160.42772917578347
1248	159.2760978263152
1249	156.73970796127904
1250	158.13723682312596
1251	156.1922880864011
1252	157.2785734090104
1253	153.4921169484205
1254	155.17763285103484
1255	155.695967195193
1256	155.2692055483691
1257	155.78902513457
1258	152.8519177452152
1259	154.51892734856284
1260	155.93777523403818
1261	155.8024854622522
1262	153.39053982277548
1263	158.20793140513064
1264	157.58187922592768
1265	157.9321236839544
1266	163.30656947769742
1267	162.15462186823498
1268	162.34642334122344
1269	165.4525150401179
1270	161.016093179671
1271	157.8190509980838
1272	156.12198365791932
1273	155.43849165560388
1274	158.90952192888855
1275	156.10486158501286
1276	156.60567166344285
1277	156.49278681957833
1278	154.70034445751762
1279	152.72591021271336
1280	150.86323919487563
1281	152.77556482039068
1282	152.7458703389607
1283	151.34096558703052
1284	152.2540102021847
1285	155.05256764267554
1286	155.52728383104923
1287	153.49412803715376
1288	153.49845866900142
1289	155.70407551373185
1290	155.62842965439503
1291	153.13820872797672
1292	153.62370443388636
1293	154.74234512539564
1294	156.23314536591243
1295	156.53253510445273
1296	156.1829906432406
1297	159.00580938730835
1298	157.17920064821834
1299	155.95024129627797
1300	155.9596190115603
1301	156.55659320044145
1302	154.1385343084583
1303	154.03567992329218
1304	156.2601303891429
1305	155.24682978142326
1306	155.12120235716407
1307	155.8316104144912
1308	154.6552207569559
1309	155.14474918360324
1310	155.59378568056673
1311	155.62779315769762
1312	155.90520667200684
1313	153.795896928221
1314	156.83423515038152
1315	158.7079295467057
1316	157.5673691715874
1317	159.30863091160472
1318	162.4169442062059
1319	161.97826839378976
1320	160.70064784937512
1321	158.24936833996412
1322	157.05198553097395
1323	157.52271492746948
1324	156.37112149988755
1325	155.63788861820805
1326	156.60074670591968
1327	157.7159157060687
1328	156.62359595493996
1329	157.5860929666778
1330	158.99206088738177
1331	158.7973289342762
1332	159.2869246497797
1333	156.20081067362494
1334	155.5762961031406
1335	155.09271433008823
1336	155.6417948531782
1337	155.16610495958878
1338	152.8903937607628
1339	152.06083047098716
1340	156.0145801547677
1341	156.0783381976753
1342	157.89446002342717
1343	157.44309410234962
1344	157.10157343636067
1345	159.73388905041216
1346	157.1485864751667
1347	154.3669764450497
1348	154.7210851828046
1349	155.39687890415595
1350	155.80654027323163
1351	154.81126194149428
1352	155.55266167223414
1353	156.33690522861897
1354	158.32516735300482
1355	157.921470355553
1356	157.6683224073453
1357	159.31962132132006
1358	159.02660734535633
1359	160.6159268160861
1360	162.0654997790189
1361	158.86887541693153
1362	160.295433148369
1363	156.95875585262678
1364	153.91467723007568
1365	158.41758680424107
1366	160.26318731247366
1367	158.95887642389684
1368	158.8824008787764
1369	157.678806053108
1370	156.79469921869614
1371	158.14018576336227
1372	157.7971387369379
1373	159.37589351421698
1374	158.11617976110807
1375	158.19783141069746
1376	160.382647902187
1377	158.91716452204085
1378	156.85419584053378
1379	160.74126793852156
1380	160.28806672626786
1381	159.81708540159497
1382	156.47446409052168
1383	157.1996149487523
1384	156.37091520599637
1385	156.23354638044626
1386	160.59242994980136
1387	160.5889761253004
1388	156.60962804910923
1389	158.7508924114446
1390	158.53983544130622
1391	158.28566996015869
1392	157.2989400621827
1393	156.34015946483976
1394	158.3935531802977
1395	154.49315112800966
1396	156.01834674148915
1397	154.5643899488487
1398	154.47954681282425
1399	156.86829025787748
1400	156.58143584076328
1401	159.40940379373964
1402	155.6812502696654
1403	156.2193186908765
1404	155.60997330910158
1405	154.30255289999423
1406	159.80901548954424
1407	156.73392593729434
1408	156.29142431858494
1409	155.02173107939205
1410	156.69398874233687
1411	157.7948560352752
1412	156.71070970285868
1413	152.93800874855452
1414	156.2408116385497
1415	157.10580707815552
1416	158.2465666331708
1417	155.10913852327695
1418	156.90028650413896
1419	155.2653076051558
1420	157.32129924045933
1421	158.62290415161485
1422	155.58972335544934
1423	154.18024500164384
1424	152.6471995324363
1425	150.89290711702728
1426	153.3112976649703
1427	153.37399529169454
1428	153.251808205017
1429	156.09162836584494
1430	156.28958183411046
1431	156.29204471790726
1432	158.73700524174097
1433	160.11750601477
1434	158.19619799793574
1435	155.46228345896085
1436	157.2897491249497
1437	157.9501007834654
1438	158.81863274629902
1439	157.56873247104969
1440	157.55777531282732
1441	158.96548512255026
1442	157.9715768123657
1443	158.7142967177993
1444	156.96517499077135
1445	160.72728917888938
1446	164.79384156193098
1447	163.72744232063576
1448	161.8343223495322
1449	161.75908385706248
1450	164.38827190141978
1451	163.33721525532047
1452	159.72769607733056
1453	164.23865457228007
1454	164.40412429279647
1455	161.76194676147813
1456	162.16678119253498
1457	161.9644989777789
1458	157.77212778641075
1459	155.5678725530276
1460	156.07155407379494
1461	158.38636821800583
1462	156.33796622003882
1463	155.21779618633573
1464	157.11255649622274
1465	160.21600041708314
1466	160.0765528297648
1467	157.7512612190854
1468	155.52201839948998
1469	156.4734232900848
1470	156.85536663635648
1471	157.15969226553395
1472	157.69929366781673
1473	153.67541506523588
1474	154.67875532728635
1475	153.56607937973456
1476	156.27238957298763
1477	156.2335424557541
1478	155.26686763834448
1479	158.02296476032703
1480	155.4287013911678
1481	155.25453322664708
1482	155.61384633995544
1483	153.70296972528936
1484	151.59554298338395
1485	151.2161350342798
1486	153.10297121382237
1487	154.9665042718359
1488	154.6449079798363
1489	154.01891657288058
1490	158.23477403782346
1491	155.54673650944233
1492	156.72070824284052
1493	154.23753331848584
1494	153.10443066803396
1495	153.5965237995952
1496	155.61515523546623
1497	156.7339813676112
1498	160.69075494448109
1499	155.4353009915964
1500	157.35619932980012
1501	157.59156313480807
1502	157.94349528646896
1503	157.5010464886523
1504	158.40336557205663
1505	160.9189142960784
1506	160.15002816437254
1507	161.99707513119256
1508	161.30888743198895
1509	159.15606577930942
1510	157.56320956442386
1511	158.35006952343497
1512	158.57971946466984
1513	159.797550659967
1514	158.46825677317207
1515	155.79314026203684
1516	157.930105660959
1517	157.60712149033122
1518	156.89144246382287
1519	159.62599316114972
1520	161.79308944986906
1521	160.88431376270864
1522	160.20264696663463
1523	160.04667098372065
1524	160.22665082913016
1525	159.45445525850891
1526	156.83671090466146
1527	157.28762685732517
1528	159.32167649115215
1529	158.98545138638178
1530	156.05664077658312
1531	158.4599971054328
1532	155.7818865615333
1533	153.61702653423907
1534	155.03248371475811
1535	158.4344174888288
1536	158.42627058458908
1537	158.12395665491695
1538	158.91627570681183
1539	158.22006605036367
1540	160.89374266432415
1541	162.43262179548842
1542	159.65935731598472
1543	161.61109136002145
1544	161.85557076368895
1545	160.12107317801127
1546	155.58092538097978
1547	157.7264002628386
1548	160.51676307963018
1549	159.6818518207614
1550	161.16458706783902
1551	162.89665145186044
1552	163.95630275978638
1553	160.0838803273066
1554	159.30213367714487
1555	161.14033967398242
1556	158.9349730543762
1557	161.0089001630264
1558	158.80890983921563
1559	160.22070258011365
1560	158.2937838441322
1561	159.25615986704355
1562	160.33448186386573
1563	160.2202776306579
1564	160.39582049639225
1565	157.73382253290652
1566	155.16920135677827
1567	155.6049561622094
1568	152.4254964503717
1569	154.02548539167907
1570	154.6662291015101
1571	153.5730764742713
1572	153.81370749062094
1573	153.11661360796478
1574	152.78507842350464
1575	153.7183935463571
1576	154.85824421720991
1577	156.08336252087125
1578	158.6318797456606
1579	157.44228021679476
1580	160.39033155039368
1581	158.38363770004787
1582	158.95702510693107
1583	155.8217842618422
1584	160.55588009180602
1585	158.3941599840413
1586	158.1374421751079
1587	156.48021810812577
1588	156.92190807270634
1589	156.37860164850827
1590	156.27312087053886
1591	155.5786194736157
1592	156.4475749490989
1593	158.63921839363672
1594	156.81159077646822
1595	157.8921969339043
1596	160.5177792931801
1597	158.3066728010421
1598	159.36664621557765
1599	160.31167604345887
1600	159.04295613920772
1601	159.77076892157186
1602	160.9962715620102
1603	158.67355888680115
1604	161.23825947090762
1605	159.53160892082852
1606	160.7339231967417
1607	160.48299078648265
1608	161.3493889604633
1609	158.5752718850771
1610	159.3812946343107
1611	159.29061451519698
1612	157.3527148781654
1613	160.9305328767468
1614	158.95798477780102
1615	157.93948491759025
1616	157.31309288233473
1617	155.30978998619773
1618	155.16962851654714
1619	153.34641258972772
1620	151.3028203148903
1621	152.11471451252564
1622	155.8121641100558
1623	151.92396265856362
1624	154.2056542960035
1625	151.91327876894564
1626	154.11921895470255
1627	156.7617471706451
1628	154.44915502897857
1629	154.72783993816978
1630	156.47178943701385
1631	153.4127231483904
1632	154.88944743683507
1633	154.2932894045892
1634	152.53256180618922
1635	154.45552965756107
1636	153.79728525540014
1637	153.0258173625055
1638	154.92860024452824
1639	154.9838887147392
1640	152.55241592964808
1641	153.20729636225386
1642	152.53707037483815
1643	153.34216902212742
1644	156.0271008336508
1645	156.51368158176987
1646	157.43735323795894
1647	155.15218680122976
1648	152.3452300777114
1649	155.03979516333217
1650	155.44533188082326
1651	155.67799934221884
1652	159.84583242655415
1653	161.12310630373617
1654	157.96712296078346
1655	157.42195715393686
1656	155.6229481179869
1657	154.554845031611
1658	155.38338786333685
1659	155.0469638557299
1660	155.22507760721746
1661	155.4538983642633
1662	156.11758283991392
1663	154.4276620761543
1664	154.7668030267389
1665	156.82100203060688
1666	155.92426074959351
1667	158.6813087712339
1668	158.28638026026294
1669	158.22933448755788
1670	157.00869837711866
1671	156.10428184008168
1672	158.444564106317
1673	160.4827116470582
1674	161.45624412035613
1675	158.295277008177
1676	158.1188045399538
1677	160.95392876494088
1678	154.77031795771256
1679	155.6373426006191
1680	155.7132715760869
1681	155.43767349465094
1682	158.53174411467253
1683	156.55637679175095
1684	155.03554465786655
1685	156.53875694754345
1686	155.33317704756476
1687	155.12263412789056
1688	160.69144262905795
1689	157.7880195993111
1690	158.65541859242208
1691	158.50716788851534
1692	154.4601097894363
1693	157.55043301979785
1694	156.8859649494433
1695	160.06797111927742
1696	157.40470524941202
1697	155.651736715038
1698	155.5065974020844
1699	153.432655312031
1700	154.67765242079554
1701	158.09111693108406
1702	160.61513249838703
1703	158.3243395747268
1704	157.4501741103638
1705	157.33738301472565
1706	159.54919586682223
1707	157.56027932532237
1708	156.96258525402962
1709	155.00143860196073
1710	154.9895425715346
1711	157.55603546109188
1712	158.27734447384802
1713	155.79867277775722
1714	156.0374226425644
1715	155.88956935448587
1716	155.1380920630549
1717	157.84373477816538
1718	154.78797585358583
1719	156.13544315081555
1720	155.13119780157982
1721	158.45329389225884
1722	156.09965062590504
1723	154.51886459620363
1724	155.26216591202643
1725	155.44672530480278
1726	159.84064955931566
1727	158.91112351975337
1728	157.73303060524822
1729	155.87699798622975
1730	158.54254413681923
1731	159.893440831823
1732	158.5162635444163
1733	161.6212646789263
1734	161.47479886418375
1735	160.0898812545686
1736	158.38669463967372
1737	159.88618478009278
1738	162.50775812901549
1739	162.33861033364326
1740	165.40828696700137
1741	160.75821895224635
1742	163.20860106627566
1743	162.61899803013918
1744	161.18829913054606
1745	164.79098478635032
1746	166.4280613305394
1747	161.85885512803256
1748	164.11864418706142
1749	164.61507124533827
1750	162.54374735932518
1751	164.8166930408396
1752	162.6115076704134
1753	162.26128179713413
1754	162.77693611752682
1755	162.66386925973137
1756	161.40904853873437
1757	161.55404652974323
1758	160.80799750373052
1759	157.6682538439099
1760	158.59825272130146
1761	157.59651882762068
1762	157.66066441359612
1763	157.87697588423765
1764	156.2224537087921
1765	154.30383437672668
1766	151.55999559504562
1767	149.95053072583244
1768	154.68858234511424
1769	155.19132797234587
1770	154.32164293738427
1771	156.52894631445952
1772	153.7651482562547
1773	154.7809166262155
1774	153.9678385284715
1775	155.70565592793534
1776	154.00703490227764
1777	153.0041370342544
1778	152.5272190925127
1779	152.9415126243691
1780	153.8668132335576
1781	155.78775329062563
1782	155.2089203761398
1783	151.2701550491438
1784	153.27408282496552
1785	155.23805854956683
1786	157.90206535182045
1787	157.0266801933771
1788	156.45155645415332
1789	155.2787016394521
1790	156.0822751102543
1791	156.6015686787893
1792	159.3181765843299
1793	156.8119709609319
1794	158.24881888176932
1795	156.52948622948708
1796	152.10385884789537
1797	155.3563335433301
1798	156.68013419018834
1799	158.42510515645108
1800	154.39642309449331
1801	154.4945071157374
1802	156.66746096528183
1803	158.90186248288296
1804	159.43435917388092
1805	157.8322769750323
1806	159.70292144272892
1807	156.53465077925756
1808	155.4196995602331
1809	157.20417581301732
1810	158.20329856720974
1811	158.4616039887911
1812	161.60726225525892
1813	157.7188452787881
1814	158.00673001280788
1815	155.52239364525806
1816	154.64566613896395
1817	155.3257853840351
1818	153.8734827600764
1819	156.3731068219084
1820	158.6246846340648
1821	159.65564832508923
1822	157.83130026282203
1823	158.17394098788162
1824	159.45008834912184
1825	157.65552201123103
1826	153.47706718092792
1827	160.17559279700131
1828	159.89062121027828
1829	160.03257214369617
1830	161.4264151271326
1831	160.32255130015167
1832	159.6141171950228
1833	160.94487082081605
1834	159.9327846182902
1835	159.69767877346834
1836	156.93538617558326
1837	158.75818527424613
1838	157.7754430822444
1839	157.42573195620312
1840	159.733711817081
1841	157.3001333447909
1842	157.51327285565125
1843	157.71616391451585
1844	159.97965585158104
1845	163.04793056835854
1846	162.16657117119516
1847	162.05938707703322
1848	164.5929005867841
1849	164.59965935799357
1850	163.18771512781876
1851	163.7904458314587
1852	164.52682139246713
1853	164.613169989841
1854	165.88077462591852
1855	164.66592844498354
1856	163.39814609972674
1857	161.49385045336442
1858	161.93689379933087
1859	160.88169102371938
1860	160.4754257128596
1861	162.7696255748056
1862	160.1757943437645
1863	160.37182169619268
1864	160.8268067449826
1865	157.0092544173305
1866	154.96199844805423
1867	155.7969825364944
1868	156.05369772621822
1869	154.61373408959133
1870	153.85609411696188
1871	157.03789895272024
1872	158.3251316640923
1873	157.7685673462937
1874	158.39703444109654
1875	155.89580536684736
1876	157.7626168483418
1877	156.64858629528712
1878	156.3603385041493
1879	155.7260864999074
1880	158.5805602251882
1881	160.32260509178815
1882	158.23340986546208
1883	156.3108236101216
1884	156.87984291027757
1885	156.26191036226936
1886	154.7953969556684
1887	155.86109349236207
1888	155.74828422138884
1889	159.33398340784774
1890	157.98893975519888
1891	158.65302046427516
1892	158.39625711735522
1893	159.157524236515
1894	154.87640104618802
1895	157.35458712151305
1896	154.55490454369345
1897	156.92513829676417
1898	155.3947992648581
1899	155.44553215918336
1900	158.5874901385
1901	158.56540522326267
1902	160.435991631649
1903	157.63722481715004
1904	157.98386289950153
1905	158.60991730961598
1906	160.74465420277406
1907	158.86674084273145
1908	157.41815864849855
1909	161.71038252775966
1910	161.10711794007128
1911	163.0310704987795
1912	161.48742866614143
1913	159.2100439378052
1914	158.07094065209233
1915	159.7560538649256
1916	157.32824985871167
1917	158.03577877159933
1918	159.59273350226232
1919	160.32229269572076
1920	158.8432685798149
1921	161.0395269222912
1922	159.59943160937178
1923	158.6312491728294
1924	159.89041378754524
1925	163.64208283423343
1926	164.01503692959722
1927	165.8002010137268
1928	165.5297819268514
1929	166.40880598067253
1930	165.4568489246079
1931	165.60419565936044
1932	164.03035525513644
1933	165.0606223837757
1934	164.03986332526225
1935	164.30891572922746
1936	162.05929705008535
1937	164.44851958281555
1938	159.18622236064024
1939	157.94061964238253
1940	156.47811046090206
1941	158.42260369828307
1942	159.360698805991
1943	160.5215879355724
1944	163.38480694111865
1945	162.30016922835358
1946	164.1881702000334
1947	162.1987252539163
1948	160.05784513463072
1949	158.3188177969459
1950	157.69708500027662
1951	157.3790225026041
1952	157.81732497984896
1953	156.30587830918344
1954	159.4714936799721
1955	157.41061904650658
1956	157.37612932072608
1957	157.9755255119035
1958	158.99911472235678
1959	158.53101927039108
1960	158.22513978371597
1961	156.14544338355043
1962	154.7168815733433
1963	155.2425843140507
1964	155.81899535189623
1965	156.1941931074619
1966	156.19266985701566
1967	156.37720079897883
1968	154.0174216666505
1969	155.03247815653782
1970	156.0076114569761
1971	156.1395456652928
1972	160.7420137442111
1973	160.7213143551539
1974	159.96835780940043
1975	161.04377727274886
1976	161.15191064488414
1977	160.80156203904156
1978	159.28891752970705
1979	161.55527795670523
1980	161.66847806870467
1981	162.19599926833158
1982	159.85993773890544
1983	160.1267213174538
1984	158.14992972558065
1985	157.2281196649274
1986	159.32426321576187
1987	159.0231379358965
1988	157.3057551175598
1989	160.08317822369602
1990	161.82982979895618
1991	157.67091425862327
1992	160.9696494697285
1993	159.62802006762516
1994	157.57870660645477
1995	156.51888741833645
1996	156.07517108801798
1997	155.67079254666294
1998	156.91634816807698
1999	157.37117856558794
2000	158.9203321090984
2001	157.24884108345975
2002	158.7920954914761
2003	156.00357305235858
2004	156.08711855969426
2005	156.23983824799527
2006	158.3683566547297
2007	156.19196805569632
2008	156.94863140057547
2009	158.70520179369902
2010	157.25945351645447
2011	157.33032797160152
2012	159.38142711758616
2013	162.93080823731435
2014	162.42108915280355
2015	162.01799279833773
2016	164.34601862147338
2017	163.19805663281468
2018	159.20319666708957
2019	164.0644713645647
2020	161.62498565196037
2021	160.8407321795563
2022	159.3813556491187
2023	155.22536786721224
2024	157.71496229380608
2025	157.12431122324955
2026	158.52989422730388
2027	158.28672119624107
2028	159.1170555418872
2029	163.53042771376613
2030	162.25605892231943
2031	166.32019171576496
2032	165.11354345751738
2033	163.95169116238574
2034	164.0801142681213
2035	161.91547831454216
2036	160.288478046159
2037	159.83453865307766
2038	162.60004332079814
2039	159.58248749283646
2040	160.55621382367
2041	162.57892392355797
2042	162.9881600249185
2043	160.94760008942504
2044	162.62668963433197
2045	160.23881032132056
2046	156.78272025626077
2047	159.5054167347229
2048	156.89843639275418
2049	158.77701188385828
2050	159.78975285935266
2051	157.93848368801932
2052	156.54185057875543
2053	158.09086344096082
2054	161.23945797339348
2055	159.21162985512686
2056	157.16826358107517
2057	158.9301436964507
2058	159.98038099301294
2059	158.0319436307045
2060	159.18455929251624
2061	159.407535586843
2062	154.0229257727521
2063	155.21189841195013
2064	157.05182920857337
2065	156.2623159004297
2066	157.0498074488537
2067	157.65238555857584
2068	155.73757552395756
2069	157.8224086096469
2070	157.2972776352209
2071	156.8309385103694
2072	155.41031771735146
2073	156.5868362187667
2074	156.54499119248342
2075	156.6205892242143
2076	158.4538276882457
2077	155.94814563324906
2078	156.23703172867715
2079	158.9206644494714
2080	158.5180329742706
2081	157.5245046698464
2082	158.99883462506145
2083	157.847720076588
2084	159.23905219000667
2085	156.61453074747894
2086	159.45345808083388
2087	156.83376450896114
2088	157.07188994057475
2089	157.7500054720002
2090	158.14817262289824
2091	157.04104253378705
2092	157.338890961903
2093	155.928762114132
2094	159.2474171967205
2095	157.43011308327524
2096	159.06676697638375
2097	158.22980169918856
2098	159.6803025991519
2099	157.42265500738924
2100	159.72197527981587
2101	143.01863371037294
2102	136.59512343514243
2103	131.3676949062994
2104	129.24939557068598
2105	125.62931118065603
2106	124.37924999037513
2107	123.68850831955689
2108	123.54087143502004
2109	123.7980007770421
2110	123.36588570383819
2111	121.76842927939211
2112	121.15259402125146
2113	119.6658361033513
2114	120.0455337104297
2115	120.14379966217749
2116	120.18134825516458
2117	117.91758417782543
2118	118.50495423092615
2119	117.6842978682398
2120	118.01054637238246
2121	119.05290529597023
2122	118.40363819708567
2123	118.00778484001833
2124	118.41456717743587
2125	118.21459937243176
2126	117.087791585185
2127	118.16477477570251
2128	118.1967724675247
2129	118.38198773224543
2130	117.7654050034782
2131	118.74015273117747
2132	118.6030390091964
2133	117.72271375166635
2134	118.95491715910654
2135	119.03233048775424
2136	118.38529535429714
2137	118.13196575779666
2138	117.72929594357223
2139	118.17611628100146
2140	117.87571603235978
2141	118.15195662190207
2142	117.088142635448
2143	117.51201480386692
2144	118.50180915248211
2145	119.09696035929909
2146	117.74655715496948
2147	117.27259814994967
2148	117.40118342221282
2149	116.3067284659889
2150	116.25642519772545
2151	116.57926636490828
2152	116.13642511718439
2153	117.57529224380728
2154	117.33132366481966
2155	117.95229855126564
2156	117.08874366046706
2157	116.73517358717088
2158	116.63827396417445
2159	117.33442879647734
2160	116.00190285242705
2161	115.78714051664092
2162	115.97786736259634
2163	117.31054501961421
2164	117.16488773287472
2165	117.46955988566836
2166	116.78908538557407
2167	116.13759500559017
2168	116.56498616625066
2169	116.05464153203437
2170	116.83213566074302
2171	117.36623704439705
2172	116.38823277821062
2173	116.03844149357033
2174	116.54605002353648
2175	116.50269387220463
2176	116.89241820362906
2177	117.4133786217393
2178	117.04873785005856
2179	117.06607853528368
2180	117.26630239314967
2181	116.68830257681357
2182	117.04550840289963
2183	117.8970676537759
2184	117.11653097835051
2185	117.29627609249906
2186	116.48003496791459
2187	116.89555865220255
2188	117.68433735230084
2189	117.66082322788822
2190	117.07367236408852
2191	117.91722899020303
2192	116.9957581676572
2193	117.68306304849763
2194	117.21428069449242
2195	116.53871793688658
2196	115.74035502544758
2197	116.75108656375161
2198	117.07534712512405
2199	117.49128119840509
2200	116.06891446442546
2201	116.03002101340834
2202	117.71423907733342
2203	118.1994000350362
2204	117.49379261150231
2205	117.13633016531726
2206	116.8843376865077
2207	116.52218561424293
2208	115.93021054400157
2209	116.73591197719472
2210	116.60701347456568
2211	118.03007553596134
2212	116.35985044243704
2213	116.9735584356842
2214	118.13046385899848
2215	117.47133511838157
2216	116.69311549834771
2217	117.65716818737677
2218	117.01837210958836
2219	116.76093224957123
2220	116.91280578449913
2221	116.67686116196352
2222	117.55454788737983
2223	117.24311819484699
2224	116.6961227211136
2225	116.44103641349561
2226	116.99486773262512
2227	117.55148671843492
2228	117.1424189108781
2229	117.66189548527865
2230	117.25075968456883
2231	117.28648279992443
2232	116.87085853316117
2233	117.07954164607268
2234	117.31814076681549
2235	117.32496489360517
2236	117.81267707094402
2237	117.20109081055725
2238	117.4592955825783
2239	118.26463749381604
2240	117.2314525918316
2241	117.4301739288878
2242	117.18041810941588
2243	117.05432963083443
2244	117.29689794753425
2245	117.19408416953671
2246	117.06118730739315
2247	116.72822234326328
2248	116.89250515121468
2249	117.02435270355728
2250	116.9350340423238
2251	115.91265071071123
2252	116.46307620527759
2253	116.12868901825651
2254	115.98691998270387
2255	116.4327768358869
2256	116.99315849955583
2257	116.77989958292633
2258	116.96441910753008
2259	116.57376152398098
2260	116.2773467602625
2261	116.89736084446298
2262	115.97215090754561
2263	116.39381818649282
2264	115.93239334509515
2265	116.17049393298956
2266	115.50895405257032
2267	115.87374272082735
2268	116.37969324283468
2269	115.92985942936156
2270	115.83942374605702
2271	115.6716935669399
2272	116.89542330258332
2273	115.72759471798162
2274	115.58758348214923
2275	115.23654563587714
2276	115.22551090688806
2277	115.31601336823876
2278	115.74653139850736
2279	115.81526420382643
2280	116.16569493723779
2281	116.47840211366508
2282	116.4238795896682
2283	116.12443886241874
2284	116.11909679917696
2285	116.70490033877806
2286	116.26663907873221
2287	117.17572263739828
2288	115.36935951139266
2289	115.76476634570876
2290	115.64654071103489
2291	116.48271927195825
2292	115.86198595003779
2293	114.83324372198895
2294	116.05395258062917
2295	115.63933439750053
2296	116.7350120416332
2297	116.74328574199791
2298	116.55067354409897
2299	117.01847733363728
2300	117.30922184244083
2301	117.08731064897295
2302	116.92044920738833
2303	117.22594245825262
2304	116.64929467065238
2305	116.19473714070517
2306	117.35517896577913
2307	117.4796514930286
2308	116.23179259784729
2309	116.84942253133958
2310	116.63236811413155
2311	116.3768332873789
2312	117.30047941154635
2313	117.0036363284809
2314	115.77138273456085
2315	116.10123542668958
2316	116.21326370061614
2317	116.76987487003571
2318	116.53030862485338
2319	116.10829577716831
2320	115.71813102017202
2321	115.89341915929535
2322	116.23307440288134
2323	115.97188288083292
2324	116.49720798801002
2325	116.3071175380647
2326	115.64529160138979
2327	115.48646450317162
2328	115.91076316143933
2329	116.69646924834436
2330	116.28124631464853
2331	115.52874708828622
2332	115.24711866212331
2333	116.17742070275314
2334	115.99221545783777
2335	116.31678087180637
2336	116.00043209981769
2337	116.32144007333633
2338	116.32045144133578
2339	116.11671522778629
2340	117.32531560725884
2341	116.45243823496156
2342	115.26272753601863
2343	117.0397110139819
2344	114.63098327335912
2345	115.48004032358953
2346	116.41572366980776
2347	116.13426206072603
2348	116.41524039443256
2349	116.52466927074572
2350	115.3306313136158
2351	116.77798843217957
2352	116.50868837964428
2353	116.58083284033867
2354	116.68017670373266
2355	117.40810070340996
2356	117.8993734953103
2357	117.27039291023699
2358	116.70808091608471
2359	117.3235434526329
2360	116.06138034507778
2361	115.05246370954966
2362	117.25352872479867
2363	116.38374957033557
2364	117.02374861883409
2365	116.54179443928055
2366	116.1974613128432
2367	115.78943432968529
2368	116.99141352607356
2369	117.18469576261067
2370	117.11724092236803
2371	116.63631840330248
2372	116.25996203634861
2373	116.94025631450816
2374	116.99519481912611
2375	116.99027769570287
2376	117.59683338666751
2377	116.03062286984985
2378	116.18080066273826
2379	116.73362139770582
2380	115.73447514867028
2381	116.01752221735191
2382	115.91028280305336
2383	116.98521247169282
2384	116.56705067013243
2385	115.52612858937262
2386	116.0299179068378
2387	116.57497683411908
2388	116.16119191508214
2389	117.00997713381793
2390	116.78764056648315
2391	116.31296353408418
2392	116.20120526541234
2393	116.38751241104937
2394	115.57643882773684
2395	116.34931371481363
2396	115.98379952463007
2397	115.03179812483295
2398	116.57737058243411
2399	117.01706485010472
2400	115.90081292620856
2401	116.5235773021365
2402	115.98759166713701
2403	116.58525317906658
2404	116.80540881340487
2405	116.12651867196122
2406	116.8196497771028
2407	116.15593285781326
2408	116.23334151963827
2409	115.98355426154771
2410	116.90602377659303
2411	116.29024298400228
2412	117.41760866115114
2413	117.46043844178948
2414	117.09003953971721
2415	116.5493633940093
2416	117.07911745862646
2417	116.94991674251453
2418	116.55544397847291
2419	117.54735301879543
2420	116.7105300214125
2421	117.10649451555022
2422	117.16968735472338
2423	117.04413873047821
2424	117.3633226116333
2425	116.77497776551529
2426	116.69702124196806
2427	116.89659403410991
2428	116.68671293817647
2429	116.40915885991453
2430	116.81340231787097
2431	115.6125856254357
2432	116.88930011769843
2433	117.00790814523664
2434	116.8691953159141
2435	117.13328419897115
2436	117.46793133391402
2437	117.14104240025618
2438	115.72755545136265
2439	116.16453918565675
2440	116.59898860252923
2441	116.7721883964083
2442	116.97608829513672
2443	117.6213069717834
2444	117.40006004558627
2445	117.95521566746014
2446	117.32528740817443
2447	118.20340339876941
2448	117.3717326686531
2449	117.29286779519519
2450	117.18752531708078
2451	116.00717414500807
2452	116.09679919840855
2453	115.94653133166133
2454	117.2577744282942
2455	116.33418838361517
2456	116.80967243142693
2457	116.98880653436802
2458	116.99244054076313
2459	117.14338809475846
2460	117.77245148425695
2461	117.03536147053258
2462	117.61940106971757
2463	116.54585510269226
2464	116.89134804578059
2465	116.5288771705159
2466	115.79148008048799
2467	115.83453799265969
2468	116.78482195784082
2469	116.54768898717572
2470	116.14155741645985
2471	117.11478151629946
2472	116.53192356598328
2473	117.0396007962606
2474	117.37158379001454
2475	115.71401674965533
2476	117.53435776270027
2477	116.5206490062008
2478	116.95622400511569
2479	116.827632359304
2480	117.28440460873853
2481	117.25942181367199
2482	117.55488750606203
2483	118.39179270217217
2484	117.34648407902334
2485	117.46477470138115
2486	117.33017085696007
2487	117.41094551324208
2488	116.45303988598452
2489	116.70515305349333
2490	116.77818637236558
2491	117.21162628562475
2492	117.01683516492936
2493	117.56525609264787
2494	115.91719282782888
2495	116.61205879213668
2496	117.85834078593045
2497	117.05652223072734
2498	117.90568548073809
2499	117.29976011051167
2500	118.47790480017038
2501	117.49880125619542
2502	117.87107380426775
2503	118.64404189605084
2504	117.73972223007803
2505	117.8205215849162
2506	117.4371596529174
2507	117.48260044847386
2508	117.10107739462723
2509	117.25472803669548
2510	117.571607838188
2511	117.0048279351386
2512	117.16087296217388
2513	116.64086750986908
2514	116.5728694044567
2515	116.13675688676625
2516	117.31201453655486
2517	115.91637098125348
2518	116.68220319635935
2519	116.91528444416555
2520	116.56114106384469
2521	115.97013865761365
2522	115.38100088929302
2523	115.37728811048046
2524	117.15277348620576
2525	116.09512018271228
2526	117.48150788682962
2527	117.51123493793965
2528	116.88590349819837
2529	115.69879612159575
2530	116.45075975953779
2531	116.49937466212401
2532	117.0105711355276
2533	116.98185548426711
2534	117.57413774723817
2535	117.19400944811711
2536	117.39763019350843
2537	117.32126554567074
2538	115.88480973647896
2539	116.24682669830793
2540	116.71074025846758
2541	117.11546813882651
2542	116.41361360912101
2543	115.96623449084576
2544	115.6198143195511
2545	117.03440857190905
2546	116.59525010933159
2547	116.95133044271745
2548	116.15515912132683
2549	115.94786394639901
2550	116.82293072196991
2551	116.72381415507564
2552	117.09305401327227
2553	116.62605925778874
2554	116.15595266927704
2555	117.66808417912264
2556	117.61540823640784
2557	117.3686342791688
2558	117.4515662121006
2559	117.71854863133363
2560	116.32046347158271
2561	117.94939229577868
2562	117.6378298290741
2563	117.10347215490219
2564	116.57953797656315
2565	115.99686349475171
2566	115.72060544065717
2567	117.06968446816619
2568	115.95561201402361
2569	116.93777593060159
2570	117.1583409377532
2571	116.36924824436304
2572	118.07369670696724
2573	116.28253770919832
2574	115.86161896659702
2575	116.82241100727354
2576	116.53579900887085
2577	116.3222380862857
2578	117.35396635243798
2579	117.3532965973028
2580	117.55003662217004
2581	116.81658927189252
2582	117.48901166991611
2583	116.40893043995412
2584	116.59017002179979
2585	116.90462191915813
2586	116.67433209462692
2587	116.66719584193841
2588	117.39364645587212
2589	117.44078908245805
2590	117.85117099648835
2591	117.19954053069094
2592	117.53235085466427
2593	117.31837107140215
2594	117.0043498760851
2595	117.20525247607094
2596	117.64340364959713
2597	118.15593214505468
2598	118.25737422284462
2599	117.54668699457736
2600	117.54154438647254
2601	116.92432449445317
2602	116.03287575113302
2603	116.67873427788719
2604	116.07212891158338
2605	116.83397613579831
2606	116.5810796412321
2607	116.85053921362811
2608	117.04262568557486
2609	117.13982796102736
2610	116.78398717387628
2611	115.44327820796266
2612	115.9198281649402
2613	116.07198606671162
2614	117.08141037648744
2615	116.8702327298305
2616	116.83075947055808
2617	117.54794960158154
2618	117.37436183411366
2619	117.1862768743369
2620	117.49192553461572
2621	117.23110925910801
2622	117.12023200654659
2623	116.34848622173708
2624	116.94363957804384
2625	116.6469885994303
2626	117.51736546647341
2627	117.27449337456059
2628	116.59390977633933
2629	117.02230017047665
2630	117.75324933980521
2631	116.8264424445194
2632	116.30034759100847
2633	116.77383675223878
2634	117.05301889860995
2635	116.50228059154634
2636	115.90064733986823
2637	116.9420354416955
2638	116.42153674461812
2639	116.17165347176177
2640	116.53202179812503
2641	115.92898425883374
2642	116.46708860769999
2643	116.76441554827225
2644	116.5530515052178
2645	116.35529244701596
2646	116.12675871661222
2647	116.62010359558039
2648	117.20841592006883
2649	116.30857272824046
2650	116.39679450844928
2651	116.40221471554725
2652	116.74275591509533
2653	117.57134880690434
2654	117.1377816003034
2655	117.85244135235041
2656	116.19611478744717
2657	115.731568168597
2658	116.09622790404717
2659	117.01125694905214
2660	116.65067579505913
2661	116.82984255469825
2662	117.24845634496711
2663	116.75572196507136
2664	117.03904086630268
2665	116.76312977524778
2666	116.52850709105293
2667	117.35570994428058
2668	116.47701106417874
2669	116.5361230461302
2670	116.04237600082058
2671	116.72994350598054
2672	115.83797543347185
2673	116.87416602568624
2674	116.13377560455527
2675	116.49032461254357
2676	116.11420007954958
2677	115.8588543984027
2678	116.74613026938367
2679	116.76505977157774
2680	115.60152019472645
2681	115.22618031168753
2682	116.49376021867302
2683	116.31578452436348
2684	115.92102879938764
2685	117.24217921074761
2686	117.22884683755099
2687	116.66523869471476
2688	117.21256928977232
2689	117.10151707169537
2690	117.35017683989999
2691	117.9749990366284
2692	116.52599975357981
2693	116.93243260953375
2694	117.2899113036949
2695	117.58513278259767
2696	117.07115502380077
2697	117.37947378974201
2698	116.9848166817122
2699	116.46706301079779
2700	117.46367767719842
2701	116.6578661817559
2702	116.99078683811568
2703	116.3960484624301
2704	116.95555317224648
2705	117.26779772366652
2706	117.01287969672423
2707	118.44727893485107
2708	117.81867829733837
2709	118.168979760271
2710	117.20466658691537
2711	117.03425037213358
2712	116.54481143059797
2713	116.43480628348978
2714	116.09615652663362
2715	117.47138660905334
2716	117.55113168363738
2717	117.33647205273284
2718	115.76139018558041
2719	116.53651518925743
2720	115.88997982224753
2721	116.06518136271441
2722	116.71174200583933
2723	117.04440801079473
2724	117.13385280216234
2725	116.42054917769012
2726	116.52153197341991
2727	115.80590033822808
2728	115.5474173164926
2729	115.23945486462777
2730	116.70261032735013
2731	116.36163755871921
2732	116.08295821814723
2733	116.3736305282229
2734	115.86475666068534
2735	115.57813161761246
2736	116.02857056962358
2737	117.15147511979528
2738	116.43254706945808
2739	116.56144588443311
2740	116.95915436506688
2741	115.99743036878328
2742	116.20558206703429
2743	115.9366114770125
2744	115.96419174355829
2745	115.3899892037419
2746	116.3586959448118
2747	116.28233031913352
2748	116.01734333941866
2749	116.26934624594442
2750	116.24514009379915
2751	116.00651487633009
2752	117.0558840717917
2753	116.06824746728986
2754	116.85615335634247
2755	115.1642125870848
2756	115.8795727558894
2757	116.78893131383028
2758	117.1669521759041
2759	117.06358979084459
2760	117.4289955958802
2761	117.13373047470147
2762	116.81836579127386
2763	116.40941764392556
2764	116.86726658022492
2765	116.13738281988682
2766	116.91881733836486
2767	116.97331088135799
2768	117.51802301549043
2769	117.45297449056885
2770	117.11715407362264
2771	116.2563871688852
2772	116.47141905336566
2773	116.48084432029411
2774	117.53469877744769
2775	117.99846063659909
2776	117.29718761300323
2777	118.21747611274458
2778	118.071956895639
2779	117.42463810343638
2780	117.2460158864907
2781	116.72662609787284
2782	117.21200681496703
2783	117.14251547470967
2784	116.84291707388843
2785	116.91961697636063
2786	116.37222405031937
2787	116.58283694746092
2788	117.20548382146346
2789	117.17302476599727
2790	118.02018796727478
2791	117.5194609510088
2792	117.49290119792418
2793	117.54243566603753
2794	117.29130314565442
2795	116.39329762761645
2796	116.82545750720988
2797	116.54154243578316
2798	116.80825488458387
2799	116.09232671019636
2800	116.10481840284034
2801	116.69683644458736
2802	117.09003030123823
2803	115.9371633647658
2804	116.95003348221813
2805	116.5649823041344
2806	117.06506765530852
2807	117.02540097536905
2808	117.54652514513711
2809	117.44237419559545
2810	116.94314887987885
2811	118.02508402492424
2812	116.90250330307694
2813	116.32258928006911
2814	115.97932604028618
2815	115.9107191076267
2816	116.5118550079549
2817	116.38521273377908
2818	116.79820633068385
2819	116.83217483907336
2820	117.15124576385325
2821	117.45242276919237
2822	116.55605274909026
2823	116.8584539783916
2824	116.16735720724324
2825	116.74135980054032
2826	116.23644656687827
2827	115.61333918851544
2828	115.92050789756578
2829	116.10320155069994
2830	116.12365741049369
2831	116.14850745495517
2832	115.8685380796631
2833	116.07122155499154
2834	116.83750334058588
2835	116.43436723463456
2836	116.06287731822759
2837	116.18469048128414
2838	115.90027899413842
2839	117.01094828323194
2840	115.7648579756699
2841	116.94689756266305
2842	116.35083694965729
2843	116.45446328474881
2844	116.05129810036148
2845	115.75028689662699
2846	115.50969185412943
2847	115.6123501738212
2848	116.23259470154905
2849	115.04289140816294
2850	114.57275980804592
2851	115.55401347953239
2852	115.34594741862945
2853	115.2933275877639
2854	115.9228909962169
2855	115.86358751515967
2856	115.47317667728238
2857	116.07754081055919
2858	116.42493531382043
2859	115.88642228366389
2860	115.08231090099571
2861	114.84827117911809
2862	114.99585387372473
2863	115.40505084166529
2864	115.33242588962669
2865	115.08143093659119
2866	114.95615650718942
2867	114.67380159005339
2868	114.66133879434686
2869	114.84970832673578
2870	116.18878238950774
2871	115.47467383685449
2872	116.43885329689007
2873	117.18773686789314
2874	116.71229386123227
2875	116.76547251477608
2876	117.05326945680638
2877	116.42457546615307
2878	116.40429851665105
2879	116.24172523089979
2880	116.22750950673569
2881	115.72174517183971
2882	116.20741763776799
2883	116.02322889541009
2884	116.22889684394546
2885	116.46130892543128
2886	116.88621391780457
2887	116.64357821102934
2888	116.08107500268171
2889	116.31805703526511
2890	118.4712638277834
2891	116.71402613088014
2892	116.53896140714532
2893	116.27270954747469
2894	116.2405062950129
2895	116.77607185406976
2896	116.38915034620085
2897	115.96014389653699
2898	115.94665807382731
2899	116.78896088470512
2900	115.86928826954392
2901	116.26934952593207
2902	116.84996910569009
2903	116.04952695945255
2904	117.28451766360266
2905	116.58261416801977
2906	116.08191606592706
2907	115.69835484833033
2908	117.01287597424997
2909	117.62911488217559
2910	117.45630520961608
2911	117.7512840195264
2912	116.52424078432132
2913	117.60387951308722
2914	117.03021328768477
2915	116.56448691373993
2916	116.55112517367945
2917	115.39028233527114
2918	116.34083179955189
2919	117.89312999175907
2920	116.68703962826756
2921	117.03569636850261
2922	116.1723241737852
2923	116.96441293623093
2924	116.46697446138592
2925	115.83421710102301
2926	116.94245927458651
2927	115.9891342287456
2928	116.4436741442027
2929	116.49241550720821
2930	116.46665109489791
2931	117.16171713762792
2932	116.76970443002162
2933	116.36559358302895
2934	117.00599733251535
2935	117.11100712440883
2936	116.296716432663
2937	115.727116701135
2938	116.97290448427492
2939	117.16327951140481
2940	116.83119581910125
2941	116.77809150709216
2942	116.61387749582887
2943	116.15418088222233
2944	116.12857004886563
2945	116.02362196713247
2946	116.04923856798774
2947	116.22973114496834
2948	116.94163316420516
2949	116.23806489035125
2950	115.71991609389652
2951	116.21835738821898
2952	116.72330704889167
2953	115.7801370472693
2954	116.18804329037415
2955	116.41702832851574
2956	115.7814818378776
2957	115.83731147397603
2958	116.07435078443082
2959	116.93853257669224
2960	116.90288395658239
2961	117.1137441491668
2962	115.16828608201509
2963	116.42012877603663
2964	116.76329176433264
2965	118.00737611004155
2966	116.53209804926469
2967	117.8733892057754
2968	117.39137284754216
2969	116.9464866851017
2970	117.14969854026889
2971	117.20156323788424
2972	117.531170260669
2973	116.85381184791142
2974	116.3628342195472
2975	117.18339179859142
2976	116.88554326643208
2977	116.09919148453787
2978	116.3252490839383
2979	116.2009090628337
2980	116.56137242823277
2981	115.93344131335435
2982	117.09531258291582
2983	116.66140196656342
2984	117.13839691752631
2985	117.52206763634564
2986	116.12767892090268
2987	116.91277418724395
2988	116.3231667640187
2989	115.80885176747142
2990	117.0823831104963
2991	116.86974602638917
2992	117.42904744462827
2993	116.07463626031333
2994	116.45046708175839
2995	115.28845066025639
2996	116.51615371602094
2997	116.27350248057977
2998	115.80065040019957
2999	116.23768653864008
3000	115.92202048590826
3001	115.73515946025871
3002	115.6656577288663
3003	114.8147308346053
3004	116.70233230169647
3005	115.75811284359747
3006	116.02099249002829
3007	116.28800574640256
3008	116.10006365928382
3009	115.79539779597249
3010	116.31464807633583
3011	115.34186254241261
3012	116.32468644486869
3013	116.41794948813218
3014	116.13562171028325
3015	115.47685316309516
3016	116.57534025406844
3017	116.2239602477811
3018	115.87160119584507
3019	116.82740057142298
3020	116.48966076278927
3021	117.2580301535647
3022	116.62894336484192
3023	116.43470047519743
3024	117.43960048142735
3025	117.27967148846716
3026	117.21910712956408
3027	117.36435688098607
3028	116.33362895805406
3029	116.4369809445918
3030	115.53357710935926
3031	116.47115382088627
3032	116.66176726938333
3033	117.10062785298338
3034	116.27572196334442
3035	117.09864258124458
3036	116.95154459957908
3037	117.38559665841049
3038	117.69657449659987
3039	117.04287295076928
3040	117.44012580006385
3041	117.55310462755541
3042	116.88150106274203
3043	116.63941785504375
3044	116.44509024890901
3045	115.6366192812889
3046	116.86524570138423
3047	116.80193984392938
3048	116.55221960553115
3049	116.44143781831572
3050	116.98154157363643
3051	116.49921628225849
3052	116.36762118012463
3053	116.48217661143106
3054	117.42909341789185
3055	116.57883562874875
3056	116.58154837000428
3057	117.41425522349947
3058	117.76126787381891
3059	116.59391478478278
3060	115.44233173881713
3061	115.67021059730645
3062	116.37565982071214
3063	116.58643087120026
3064	116.24175852882091
3065	116.2768334567495
3066	115.95526747377811
3067	116.64026593411872
3068	115.60313582738148
3069	116.02406361183915
3070	116.092642386569
3071	116.06673415576843
3072	116.23179793094614
3073	115.47188533127029
3074	115.67037265779288
3075	116.39525347445417
3076	116.70997112557272
3077	116.13574401417895
3078	115.70350035865124
3079	116.66635571045528
3080	116.94924329163656
3081	116.69380035196784
3082	115.93108200893334
3083	117.37268873646468
3084	116.583212221086
3085	116.35821930503424
3086	116.42080766272205
3087	116.45693286035306
3088	116.97828514758464
3089	116.74770664808511
3090	116.93366039346887
3091	117.00649190898055
3092	116.7126077444285
3093	117.13349067873156
3094	117.96695399294786
3095	117.5913336899524
3096	118.2974208911482
3097	116.86769173425547
3098	117.34807869374328
3099	118.52939543942918
3100	117.15834777911955
3101	117.06993895495795
3102	116.05941658758381
3103	117.0634230377816
3104	117.14282850774957
3105	117.17173292297673
3106	116.59454783256983
3107	116.63212058056104
3108	116.95624625168708
3109	116.51879882414806
3110	116.9023921574653
3111	116.42779248876086
3112	115.46999322871224
3113	116.29010511028913
3114	115.93253216850947
3115	115.40429254626218
3116	115.44222957737593
3117	116.9253114817133
3118	116.85544433529499
3119	115.3969395718172
3120	115.87145324932217
3121	115.6973811575875
3122	115.65582827308424
3123	115.58272976216642
3124	115.43747668573585
3125	115.82277141955117
3126	116.34451374403616
3127	116.76477039594052
3128	116.67961966578731
3129	116.4741834875463
3130	116.62331816725687
3131	116.2155678664547
3132	115.78545333597815
3133	115.00070305272598
3134	115.95119338264621
3135	116.07782744296394
3136	114.91068510171279
3137	116.35786052032606
3138	116.5315690169436
3139	116.64538640996865
3140	116.55180282504897
3141	116.74385476938697
3142	117.15673850840388
3143	117.5223445547179
3144	116.67272721082817
3145	116.62619157856605
3146	116.55346382210355
3147	116.50694051731135
3148	116.1937694735271
3149	116.2880334759095
3150	116.88653014675987
3151	116.60641176585163
3152	117.44094876974728
3153	116.15395764410955
3154	116.3690017990779
3155	117.43914438789947
3156	116.92608460651844
3157	116.69223844354215
3158	116.7780501929889
3159	116.50298453521229
3160	116.02667024511722
3161	116.09167288506184
3162	115.84278361986505
3163	115.5953294787193
3164	116.62827153619266
3165	118.07571250103913
3166	117.07025678715007
3167	116.53243766478239
3168	116.28463772767405
3169	116.260281815428
3170	115.9363076138642
3171	116.60612735187588
3172	116.68086459358186
3173	116.89817312965812
3174	117.20367705480955
3175	115.77982374725785
3176	116.98946513614536
3177	116.81174069999392
3178	116.15625527741405
3179	116.04458985713455
3180	116.99864637847149
3181	116.38774467870576
3182	116.44842774459943
3183	115.49815156309658
3184	116.37782549764114
3185	114.92094032003584
3186	116.37668091876553
3187	116.61348476951319
3188	115.01061263512827
3189	115.62626004855264
3190	115.64971326055365
3191	115.69200909680953
3192	117.00593597726073
3193	116.2187729150932
3194	115.23903607992655
3195	115.48592832945303
3196	116.49491022948534
3197	115.24229428895424
3198	115.68335674891901
3199	115.91926344180591
3200	116.54503336374988
3201	116.30117334050486
3202	115.84067240722955
3203	115.82417297448792
3204	115.86683199150995
3205	116.36315601938016
3206	115.55198580223751
3207	115.28865816287711
3208	116.1760622821771
3209	116.56416774809499
3210	116.23443946292096
3211	114.97377954483517
3212	115.41746117131765
3213	114.71765903786186
3214	115.23819401562602
3215	115.39787069098413
3216	116.23530378997202
3217	115.41150941378706
3218	115.89500742473442
3219	116.00034669250753
3220	115.34476717707574
3221	116.0992301760579
3222	116.08340160291854
3223	115.91687503679103
3224	117.08106138882816
3225	116.25568952947602
3226	116.92716625750721
3227	117.09961778095628
3228	116.80151394702355
3229	117.17797411699443
3230	117.08946926329416
3231	116.17757357681683
3232	115.97802846880948
3233	116.68981279793935
3234	116.6156312230907
3235	116.6546994074743
3236	116.57816424821786
3237	116.2409075302951
3238	116.7457009890809
3239	116.21278890396087
3240	116.40702276581847
3241	115.75816184077941
3242	117.99029709415814
3243	117.07738194522217
3244	117.29309756232541
3245	117.45459551787697
3246	117.25359636285117
3247	117.61463028641785
3248	117.20504339131836
3249	117.38815138807065
3250	116.85617948120891
3251	116.87387549739442
3252	115.91144599430785
3253	117.2012951534864
3254	115.38634167290262
3255	116.6481805296919
3256	117.22529590782847
3257	116.96165524598094
3258	116.79203844830072
3259	116.35120997108231
3260	116.73996204757155
3261	116.54039307568979
3262	116.87120146067282
3263	116.51322863183385
3264	115.8069553842228
3265	116.7704871577112
3266	116.33871393689836
3267	116.90139022894658
3268	115.92600839202832
3269	116.38037437644053
3270	116.5692323312318
3271	116.59778596175258
3272	116.04510344415003
3273	116.0083255103765
3274	116.59685689007122
3275	116.22468609084748
3276	115.56004808052953
3277	115.06596460436349
3278	114.60255030269413
3279	115.8831243338704
3280	115.21425927288497
3281	116.8000655085165
3282	115.18940691959496
3283	117.05672975797218
3284	117.5029555995185
3285	116.38735902766335
3286	116.20836449699404
3287	115.73219695855789
3288	116.11344809297498
3289	116.10626799118701
3290	116.8824789803567
3291	116.9832083494446
3292	116.15224716939571
3293	116.5462467667495
3294	116.58447429344363
3295	117.82285679894323
3296	116.94494038518795
3297	116.71602452678081
3298	116.31086744068702
3299	117.10670775858645
3300	117.54246026610488
3301	117.37762555633297
3302	117.82729233816264
3303	116.4548617961478
3304	116.82678227741732
3305	116.30435808524071
3306	116.57553216295287
3307	117.10289409937423
3308	116.12853466019435
3309	115.86924371168521
3310	114.99689511739749
3311	115.4179398673753
3312	116.07989710653712
3313	116.22530093708855
3314	116.3972010085942
3315	116.50910197968186
3316	116.49705942453271
3317	116.22615249101344
3318	117.59271002047926
3319	116.492543813916
3320	116.33637887341858
3321	117.1534160946688
3322	115.45879429150465
3323	116.70982627014904
3324	117.00998714577634
3325	116.58429824421424
3326	116.02163901934681
3327	115.72507079345256
3328	115.68248068884121
3329	116.99766454421952
3330	116.66075131167217
3331	117.54037371333315
3332	117.68008916902691
3333	116.03806982775326
3334	116.57493297552203
3335	118.16131181293713
3336	117.75287744993116
3337	117.04996144792133
3338	117.1694862228369
3339	116.72159461286803
3340	116.63937880615453
3341	116.36417257575427
3342	115.8324421099566
3343	117.45657202950281
3344	116.80962257107275
3345	116.59714792522173
3346	116.83640044689729
3347	116.49178581714085
3348	116.24306328073865
3349	115.96692974510083
3350	115.54728364186398
3351	115.3257987272932
3352	116.8903129072772
3353	116.93140909220372
3354	117.43413123106922
3355	116.56759811328183
3356	115.83557514171704
3357	115.31645034252588
3358	117.03039097884172
3359	116.33095884676351
3360	116.05318008578969
3361	115.27837414821491
3362	115.57265715339673
3363	115.526892581573
3364	115.71391551892285
3365	115.99116028908423
3366	115.17300529549864
3367	114.82437669701288
3368	115.31681113004515
3369	115.54944746828441
3370	115.76275869901451
3371	116.30805897344509
3372	115.83980383360863
3373	116.06392742085126
3374	116.99376129830983
3375	114.54869165764642
3376	115.72258492027609
3377	116.39447289343813
3378	115.84224703074145
3379	115.91656807585716
3380	116.63856600143465
3381	116.17135432475833
3382	115.23764613877789
3383	115.21650969444426
3384	115.30365686094987
3385	115.528167601169
3386	115.63371499801488
3387	116.30356850211591
3388	115.76111427740695
3389	115.25537995130227
3390	115.3923690586369
3391	116.26740281451285
3392	116.29596648618622
3393	116.28535536637965
3394	117.25739830873289
3395	115.98866678066392
3396	115.31960434614508
3397	115.70406538006165
3398	116.33413814056696
3399	117.13137844358235
3400	117.2291382592651
3401	117.17367443249412
3402	117.18888013371684
3403	116.39421919665948
3404	115.10919490449213
3405	116.51659937162994
3406	116.84144483939286
3407	116.70806364665148
3408	116.39509242803598
3409	116.05650741053473
3410	117.95728155262924
3411	116.9530555336833
3412	116.69505111655323
3413	117.59393629825736
3414	118.26723602719964
3415	116.71115911140832
3416	116.89605924238371
3417	117.02860260684136
3418	117.10344411902801
3419	116.52137054395762
3420	116.54712787079559
3421	116.48208466033024
3422	115.76441261939077
3423	115.6710912789104
3424	116.39312282319797
3425	116.35336368248514
3426	117.09213625358565
3427	116.39176297771992
3428	116.91217236210649
3429	116.03352593082221
3430	116.73069492027282
3431	116.45155323643836
3432	115.70591487376055
3433	115.52000768201371
3434	116.48506212615152
3435	116.15595797353436
3436	117.18796549326952
3437	115.91035046854216
3438	116.95592730658346
3439	116.62338726398156
3440	117.14254629778154
3441	117.5432079589764
3442	117.02957904081305
3443	116.40394360355819
3444	116.0593627750651
3445	116.33378438962885
3446	116.13949436667824
3447	117.54967879068363
3448	116.37696090784118
3449	115.7279906247385
3450	116.52630067758162
3451	115.64987770795699
3452	116.04351511223355
3453	116.47747476129386
3454	115.89524404272514
3455	115.96212034660867
3456	116.66930891387969
3457	115.55931212807398
3458	115.29217586080533
3459	115.95428284846021
3460	116.60358909073454
3461	115.55179032916217
3462	115.58671609002586
3463	116.14895931176022
3464	115.59631995489964
3465	115.77862703894716
3466	116.5524637912314
3467	116.04305652591704
3468	115.51750361713988
3469	115.56367265850584
3470	116.50603496233772
3471	116.59249552777233
3472	117.13114934370726
3473	115.84673274864265
3474	115.99502022124479
3475	116.4323711331391
3476	116.27712722246689
3477	115.68985938153968
3478	114.7564250632826
3479	116.03500298803917
3480	115.35089467993195
3481	115.73674744078748
3482	115.90087324417851
3483	115.48126958870508
3484	116.184566508729
3485	116.57959264522073
3486	116.42174655220084
3487	115.32985180224593
3488	115.96404294300906
3489	116.73581640843581
3490	115.94572850126588
3491	116.05356039916167
3492	116.35401850621113
3493	116.02390561572092
3494	116.42744609167177
3495	116.29605560753069
3496	116.7759625311793
3497	116.87746672609404
3498	116.86749846096731
3499	116.44398473686215
3500	116.32408558702033
3501	116.09639327863918
3502	116.74878845348633
3503	116.15182809626738
3504	116.95401043054834
3505	116.41600566661982
3506	116.38638967424168
3507	116.40018770445388
3508	116.01175041337781
3509	116.37156727970748
3510	115.76840965073166
3511	116.47685357843784
3512	116.10272116593302
3513	116.77400587111651
3514	116.66239991583416
3515	117.51923565521288
3516	116.36496910013858
3517	117.2072119039866
3518	117.6927604089678
3519	116.90636801645422
3520	116.61282088458746
3521	116.78291559007364
3522	117.2421423219021
3523	116.73647093001657
3524	115.29234726459123
3525	117.88873431113765
3526	116.80621279751402
3527	117.33203094861977
3528	116.49494396005116
3529	116.39375488540674
3530	116.44909152119253
3531	117.30737827945022
3532	115.35422912954513
3533	116.13844675895282
3534	116.16052095558669
3535	116.97247324512615
3536	116.86672506039604
3537	116.82155298272141
3538	116.10687013394738
3539	116.44350224340782
3540	116.43049722368517
3541	115.82761830379754
3542	115.64000795390187
3543	116.49537610071286
3544	116.53057112114045
3545	116.17763638054068
3546	116.4310423361992
3547	115.9795822994993
3548	115.79885494343087
3549	115.46472510144741
3550	116.83957079944418
3551	116.5121431978727
3552	116.57372932419408
3553	117.38862281082699
3554	116.26946956602083
3555	115.55262527844539
3556	116.26120161556759
3557	117.85531368135359
3558	115.31134451844977
3559	115.69722839608063
3560	116.16901285959139
3561	116.70824197762664
3562	116.03108187825485
3563	116.57223268836427
3564	117.52454437128866
3565	115.8723229615299
3566	116.10468237295305
3567	115.56240560197615
3568	115.5544485547696
3569	116.09263774534585
3570	115.84752398565378
3571	115.83560592222908
3572	115.9067418877518
3573	117.26821309683292
3574	115.41819294298051
3575	117.04581037966176
3576	116.74920972253533
3577	116.53070749327175
3578	116.57441306490658
3579	116.79990463128802
3580	117.05677321030882
3581	116.37545638527271
3582	116.80973732168025
3583	115.78396017113147
3584	116.64266592970776
3585	116.55648191472632
3586	115.84158007933587
3587	116.03696146941792
3588	115.87122096724518
3589	116.32243739896967
3590	115.64116913566036
3591	116.33800920005777
3592	116.31128501751066
3593	116.5899340418696
3594	116.51303875460812
3595	115.92465887015315
3596	116.43409961137088
3597	115.65483340928809
3598	117.0187270233831
3599	116.83290009262191
3600	116.68911320073968
3601	116.05864587009339
3602	115.24086185467048
3603	116.49532595826287
3604	116.71814765464839
3605	116.3021784656473
3606	116.48231421852674
3607	116.97430867269843
3608	117.20582143030181
3609	116.96018897174136
3610	116.67910228770927
3611	115.84159815249798
3612	116.88197896175649
3613	117.17167887057255
3614	115.18583675561742
3615	116.11909840944905
3616	116.49334694188819
3617	117.17189425465666
3618	115.71177211142663
3619	116.24223597795756
3620	115.79668908324437
3621	116.49014010921867
3622	116.02969340632937
3623	115.98987184212524
3624	115.68260301349075
3625	116.3437548155023
3626	116.19668185423564
3627	115.6790515983663
3628	116.09479784120128
3629	116.81698845336241
3630	116.84024759151298
3631	116.73181331061869
3632	116.25089770080336
3633	116.19396142638256
3634	115.56100563620758
3635	115.99986189444782
3636	116.10337175575285
3637	116.18778866113139
3638	116.87622268996527
3639	116.00847923249187
3640	115.14891087496875
3641	116.37976324353357
3642	115.92527338118553
3643	117.08705785476386
3644	115.95839078482335
3645	116.48989095517669
3646	117.26407245664181
3647	116.60131858581626
3648	117.12710249105754
3649	117.01421535332284
3650	116.30866258156077
3651	115.52316857096687
3652	115.23462338207344
3653	115.91385480840012
3654	116.20443827958023
3655	116.93738923700217
3656	116.30091991562449
3657	116.87326597159219
3658	116.42335863051325
3659	115.6642097008438
3660	115.86425298538583
3661	114.58081883554796
3662	115.44327238313436
3663	116.49260653287223
3664	114.98236496378465
3665	115.34295955780505
3666	115.98267400907001
3667	115.38203966304607
3668	115.55497455437822
3669	115.74276374069962
3670	116.38787857212058
3671	116.10105372076241
3672	115.68023827431898
3673	114.87304157532809
3674	115.84471709104844
3675	115.89855914728324
3676	115.41027939665125
3677	115.80596763650242
3678	116.45684156665796
3679	116.37091735116348
3680	116.12952724611897
3681	116.29410464602738
3682	116.46932003313398
3683	116.78883827163172
3684	115.70896244263838
3685	116.93912335469814
3686	115.90930488579215
3687	115.24650186970106
3688	115.77201402258984
3689	116.08245142607007
3690	115.50934529207629
3691	115.80799615199474
3692	115.41282835283427
3693	115.79704772127582
3694	116.33868933859249
3695	115.87561826447251
3696	114.7901272561842
3697	115.76426887019674
3698	115.22569164201522
3699	115.29106595305231
3700	115.97211021884172
3701	115.55581351210364
3702	115.70261710582231
3703	116.37400660452555
3704	117.20506813736316
3705	116.34053379782057
3706	116.1045846912896
3707	116.94766937829259
3708	116.23132616208095
3709	116.13397365765674
3710	115.73647553613392
3711	116.70164697357943
3712	116.00794025082592
3713	115.62089223681149
3714	115.86496717175274
3715	115.67571957998904
3716	115.65016372798594
3717	115.4366856119368
3718	115.61503391085999
3719	115.42573361350779
3720	115.67793547605025
3721	116.27315652211584
3722	116.43586958977642
3723	116.43902643792613
3724	116.2233573632042
3725	116.31215502623758
3726	116.30898984498961
3727	115.49283262366932
3728	114.61526441002718
3729	115.97320093243759
3730	115.15564941787551
3731	115.33547223092742
3732	115.2969668889192
3733	115.74658068834027
3734	116.38271142268853
3735	116.10517777073522
3736	115.90568552132395
3737	116.49410954998912
3738	116.58802423161137
3739	116.53607982840941
3740	115.3413961171976
3741	116.17640745239557
3742	116.34436856993956
3743	117.71825105309927
3744	117.23347644183116
3745	117.35647887000603
3746	116.64221729626017
3747	116.6754813998511
3748	118.18748091392771
3749	117.53468701311873
3750	117.18279409058681
3751	116.95044941324628
3752	117.06251679058157
3753	117.06465117310695
3754	117.18325904201014
3755	117.24343821170704
3756	118.43933815426817
3757	117.77804655416716
3758	116.7337146615073
3759	116.32279393499786
3760	117.34125040058309
3761	116.7760588804536
3762	116.5376548687352
3763	117.33204887897566
3764	116.47356312460296
3765	117.158549742173
3766	116.90334698574232
3767	116.26831222105736
3768	116.37690542525928
3769	117.41590977560462
3770	118.08373039101657
3771	116.96359982831417
3772	117.80285483464979
3773	117.33807180392967
3774	117.26653427319069
3775	117.2558447956696
3776	115.53523024218985
3777	116.73574438663655
3778	115.57818675936417
3779	115.39833091571366
3780	115.62523795472313
3781	116.2626541430674
3782	116.50431194066938
3783	116.25720680477234
3784	116.09312528593628
3785	116.19121904777586
3786	115.95953232430485
3787	116.12157632096695
3788	116.38464240424574
3789	115.92589349334276
3790	115.86006252739975
3791	116.35302242539231
3792	116.74514336478731
3793	115.70273819550667
3794	117.30963000350933
3795	116.81955532969901
3796	116.89769219512449
3797	116.24252809963855
3798	116.48704707745681
3799	115.89102288794429
3800	116.35612448248027
3801	116.18349498894318
3802	115.66875568746981
3803	115.71858912741982
3804	115.15149836790529
3805	116.04727145136826
3806	115.83272051584741
3807	116.269482134436
3808	116.80488790490209
3809	117.508412140068
3810	116.72174944613386
3811	115.58760846174835
3812	116.53588516328281
3813	116.07572571467956
3814	115.73748642314486
3815	115.73404970656874
3816	116.00577697488059
3817	115.19806383238492
3818	116.2282745288365
3819	116.35445479073796
3820	116.33691027964085
3821	116.79546574666163
3822	115.71068299860586
3823	115.884503243368
3824	116.84646582141228
3825	116.3657591317353
3826	117.20772029965758
3827	117.14234173501546
3828	117.22231007373944
3829	117.17938604935135
3830	117.21966984250246
3831	116.67815631979424
3832	115.80127209871111
3833	116.88890622747694
3834	116.25034207228745
3835	116.8525079130901
3836	116.56797217621833
3837	116.92046821231516
3838	117.27080041566012
3839	117.4600276342281
3840	116.7380075792118
3841	117.25971608484633
3842	116.81363126087572
3843	117.74143150184402
3844	117.11362647102197
3845	116.83159633085614
3846	117.1936030858618
3847	117.25395490063822
3848	116.71024182235345
3849	117.95231965327237
3850	116.71788339227228
3851	115.72453731688965
3852	116.88286338975715
3853	116.20476235271813
3854	116.09714060464736
3855	116.6693002673833
3856	115.73459283948418
3857	115.8280954314451
3858	116.28610988232867
3859	116.75905036720394
3860	116.27195991405075
3861	116.88585020028373
3862	116.673050289246
3863	115.5700693090756
3864	116.33742183218631
3865	116.53656529513248
3866	116.16489994011758
3867	116.20721721077204
3868	116.29658750161794
3869	115.98929678132146
3870	115.9290541765258
3871	116.91882352162565
3872	115.66471084712965
3873	115.97621402857654
3874	115.81018505896246
3875	116.60805103375398
3876	116.40999849650424
3877	115.88640998187361
3878	115.64974585921927
3879	116.7260364141385
3880	116.2054172014181
3881	116.09393720356515
3882	115.69646212249067
3883	115.6344700820262
3884	116.55298555341693
3885	115.69767729298864
3886	117.2925407357817
3887	117.13960087522581
3888	116.24156061185099
3889	116.28000061619254
3890	116.75524461372385
3891	115.98491206446879
3892	117.03147897524195
3893	116.16045156129277
3894	116.5169446758631
3895	116.86804091537712
3896	116.75755728993936
3897	115.8685995865206
3898	116.5709723479823
3899	116.64095679618522
3900	117.28996612536308
3901	115.9419121807839
3902	116.68305742352206
3903	116.68593694281552
3904	117.80458593053866
3905	116.51149243675916
3906	115.88172310500221
3907	116.61696489938659
3908	116.73663844847266
3909	115.73258134685429
3910	116.10090458570728
3911	115.84587744586503
3912	115.8124186922718
3913	115.50129458888132
3914	115.99077440765595
3915	116.3935538333682
3916	116.08115400619542
3917	115.41304762225167
3918	115.61505059429273
3919	115.16241797871956
3920	115.73078017675451
3921	115.75275910185171
3922	116.31838831839352
3923	116.14339937692489
3924	115.63780162168494
3925	115.97065542015373
3926	115.5884472260166
3927	116.05134331210961
3928	116.55958662218728
3929	116.20962973819319
3930	115.88003724161223
3931	116.39188934141467
3932	115.83782384291548
3933	115.35400056994668
3934	116.08305984389209
3935	115.86445227731697
3936	116.05058944301693
3937	117.27872702600723
3938	116.38769531642139
3939	116.25752098343284
3940	116.4504061545776
3941	116.91963895349987
3942	117.16654191424612
3943	117.66749732162995
3944	116.82921120160543
3945	116.72644780453928
3946	115.32333931560495
3947	115.15426886293983
3948	115.14283740482344
3949	115.50432281164682
3950	115.4872482108184
3951	116.55799877250759
3952	116.39258336176165
3953	116.57602174892047
3954	116.27484736616296
3955	116.59358841091282
3956	117.24687614249513
3957	116.8087583664341
3958	116.8185121180358
3959	116.66597680229474
3960	116.46426141236293
3961	116.63053575585838
3962	116.49431986232135
3963	116.66751495131132
3964	115.89323393877424
3965	115.23631611532312
3966	116.0083984685198
3967	115.46861500230509
3968	116.72380317618853
3969	115.89889171884
3970	115.94167827753343
3971	115.71233435584682
3972	114.8666924569464
3973	117.03561717013295
3974	117.01702461409612
3975	117.03398917729685
3976	116.9562174704777
3977	116.52518603996822
3978	116.49870444727148
3979	116.46685292183108
3980	116.86161352369737
3981	116.75742195017037
3982	116.36156884751149
3983	115.73865058837387
3984	115.95413999585729
3985	116.91808622305871
3986	116.71111491092624
3987	115.59394980525204
3988	117.1553151497484
3989	115.42970983690303
3990	115.47203776531255
3991	115.41003577936897
3992	116.53218007212672
3993	115.95025849739577
3994	116.70728301112375
3995	115.81607029135196
3996	116.63700948134029
3997	114.90492818729848
3998	115.4137844832582
3999	115.21555133469673
4000	115.05875128591335
4001	116.43453918503148
4002	114.89940083388505
4003	115.48051742028727
4004	117.15436566934605
4005	115.82915533639402
4006	115.46255377520977
4007	116.02582893847328
4008	115.15924746965217
4009	115.470365713388
4010	116.220466695832
4011	115.69391141217848
4012	116.38010455409885
4013	116.44270591178528
4014	115.99384539721507
4015	116.43493105837359
4016	116.96048505473422
4017	117.3536137467754
4018	116.55264048274694
4019	116.12889244420359
4020	116.12512464675328
4021	115.89685882522747
4022	115.30895664351357
4023	116.1807007091825
4024	117.27681286295383
4025	116.5807185445404
4026	115.34365717998479
4027	116.58439597231832
4028	116.68871945473381
4029	116.42162822615317
4030	117.43426839075683
4031	116.03592684481433
4032	116.66915259170393
4033	116.47969185257749
4034	116.30304644518336
4035	117.51194750419582
4036	117.42629238118779
4037	116.38190519518027
4038	116.61561699094932
4039	117.25606872636259
4040	116.8617742064152
4041	116.2602300894468
4042	117.06255797243217
4043	117.33923535642654
4044	116.52958677757366
4045	117.50020967501646
4046	115.54084169303268
4047	116.9061690076822
4048	116.64544881764006
4049	117.26829950344491
4050	116.57566034233767
4051	117.00582296707685
4052	116.31483280126639
4053	115.97015567204227
4054	116.7097541442383
4055	116.98773237582597
4056	115.5974193294236
4057	116.36423645968165
4058	115.84930251664812
4059	114.63542608588709
4060	116.10447716826212
4061	115.75835680137547
4062	116.54378324954064
4063	115.7094194127089
4064	116.06027713483037
4065	115.92082359927046
4066	116.05647418754124
4067	116.19221759114036
4068	117.21864604694888
4069	117.19212202689013
4070	115.95207344906392
4071	116.69173253785733
4072	116.59398040631048
4073	116.80367454657795
4074	116.74618491659061
4075	116.3591165262148
4076	116.6115659188112
4077	115.67543628982875
4078	116.7678276246897
4079	116.33312829366191
4080	115.99924658602393
4081	116.68512001639728
4082	115.84182672511957
4083	115.78171143652885
4084	115.95464539820931
4085	114.79074783615947
4086	115.4895555799652
4087	116.69853065655931
4088	116.20856814489304
4089	115.4061733945191
4090	115.47820809053692
4091	115.66748076742016
4092	115.71765910393101
4093	116.07023517695416
4094	116.37440895131374
4095	114.90621022026089
4096	115.64529485183664
4097	117.57897604549244
4098	116.04997973008868
4099	115.93136238985365
4100	116.26616073793954
